80 80
1 75
1 20
1 14
1 14
1 70
1 14
1 78
8 11 37 69 77 12 9 31 61
1 80
1 78
1 38
1 44
1 49
1 24
1 38
1 74
1 5
1 80
1 18
1 6
1 52
1 65
1 14
1 26
1 24
1 59
1 52
2 47 58
1 10
1 74
1 43
1 13
10 46 21 64 55 68 30 71 17 27 79
2 47 58
1 28
1 49
1 59
1 20
1 43
1 7
1 25
1 1
6 16 27 35 23 64 55
1 76
1 70
1 43
1 6
1 14
1 75
2 47 58
1 75
1 4
1 3
9 39 57 48 15 62 34 36 29 2
1 44
1 44
7 36 62 29 73 8 33 57
1 51
1 75
1 60
1 49
4 48 57 15 39
1 53
1 7
1 67
1 1
1 13
1 44
1 20
1 49
1 3
1 45
1 51
1 7
1 25
1 7
1 45
1 28
1 1
1 20
