78 95
5 87 82 54 88 93
1 53
5 43 29 20 65 94
1 74
1 90
4 31 66 21 23
1 50
1 91
3 72 59 78
1 91
3 6 42 56
5 69 35 32 77 86
5 73 68 47 37 19
4 66 31 23 21
1 50
5 75 51 46 3 39
1 58
2 48 22
5 82 87 88 93 54
5 81 10 57 34 45
2 60 1
2 60 1
5 27 70 52 16 36
1 15
1 90
3 33 6 76
1 53
5 61 89 17 40 80
1 50
1 90
2 1 60
1 91
5 36 52 16 27 70
1 91
1 24
1 95
4 66 23 21 31
1 18
5 55 38 12 71 7
5 73 37 68 19 47
1 63
1 91
1 74
3 59 72 78
1 50
5 84 67 2 62 30
5 11 79 85 5 41
5 33 6 56 42 76
1 91
1 95
3 42 6 33
2 1 60
4 23 31 21 66
4 44 92 4 26
5 39 75 46 51 3
5 39 75 3 51 46
1 58
5 65 20 94 29 43
3 49 9 13
5 16 36 27 52 70
2 22 48
1 91
2 48 22
5 68 19 47 37 73
1 63
2 55 38
2 48 22
1 53
3 59 72 78
1 90
5 9 49 14 8 13
1 95
2 60 1
5 35 69 86 32 77
5 76 6 33 42 56
1 91
2 52 36
5 84 30 67 2 62
