80 80
17 17 70 30 58 28 19 44 45 25 49 2 77 7 40 37 53 74
1 10
1 1
2 32 78
12 80 60 51 13 24 36 57 34 59 75 50 76
5 9 20 3 14 73
5 20 3 73 14 9
5 3 14 20 9 73
2 32 78
8 26 79 72 68 27 37 40 11
2 32 78
5 3 20 73 9 14
1 10
20 38 28 42 12 67 56 72 22 47 23 48 40 44 62 66 69 2 53 49 19
1 10
1 1
1 10
5 73 9 3 14 20
7 29 15 5 31 21 65 16
2 32 78
6 21 29 65 15 16 5
2 32 78
2 78 32
12 60 75 13 57 80 36 51 24 76 34 50 59
1 1
1 1
1 10
1 10
5 73 14 9 20 3
1 1
7 5 16 29 65 21 15 31
7 65 29 31 21 5 15 16
2 78 32
5 73 9 3 14 20
5 3 14 20 9 73
5 73 20 14 3 9
1 10
12 51 76 34 36 57 80 24 75 59 50 60 13
1 1
1 1
2 32 78
7 29 16 5 21 31 65 15
2 78 32
2 78 32
1 10
7 5 21 29 16 65 31 15
2 32 78
12 13 24 60 75 57 36 50 80 59 51 76 34
5 73 9 14 3 20
1 1
12 34 57 60 59 76 36 80 75 24 13 50 51
12 51 34 50 75 36 59 60 80 57 24 76 13
1 1
5 3 20 73 14 9
2 78 32
12 51 75 57 59 60 13 76 36 34 50 24 80
12 59 50 76 13 75 34 24 51 36 60 57 80
6 51 36 13 80 59 57
6 16 5 31 29 15 65
2 78 32
1 10
2 78 32
6 33 42 49 30 18 23
2 32 78
1 1
1 10
6 13 76 59 51 57 24
2 78 32
7 5 29 65 15 21 31 16
1 1
5 3 20 9 14 73
12 80 24 75 36 51 59 13 60 34 57 76 50
15 52 64 42 58 33 67 69 72 23 2 53 46 40 26 12
5 73 9 3 14 20
1 1
5 73 20 3 9 14
8 59 75 13 80 24 76 60 50
5 20 14 73 9 3
5 59 80 51 57 24
2 32 78
