70 70
13 23 12 17 65 48 57 34 7 8 33 58 15 60
1 39
1 39
2 62 69
10 11 66 46 6 3 28 59 23 25 4
1 22
1 22
1 22
1 39
1 22
1 39
1 39
1 55
2 62 69
2 62 69
12 56 66 19 14 52 4 38 12 24 34 48 29
1 55
1 22
1 22
1 55
1 39
5 59 47 56 27 4
2 69 62
1 39
2 62 69
1 39
9 4 41 60 16 6 28 63 30 20
1 55
1 55
1 55
1 39
2 69 62
1 22
1 22
1 39
1 55
1 22
2 69 62
2 69 62
1 22
1 55
12 46 34 9 5 23 37 35 33 44 58 32 50
1 55
1 55
11 67 35 66 46 60 52 59 21 31 65 10
1 39
1 22
1 55
10 66 54 6 2 67 15 29 70 65 33
1 55
1 39
1 22
1 55
9 6 38 27 9 26 61 12 17 44
10 2 54 67 58 38 26 11 14 47 32
1 55
2 62 69
2 69 62
2 69 62
1 39
2 69 62
1 39
1 39
1 55
1 22
1 22
1 22
2 69 62
2 69 62
11 36 32 70 1 13 54 21 35 65 9 43
