80 80
1 29
1 23
1 74
1 45
10 54 56 68 33 78 71 6 10 51 26
1 45
1 50
1 1
2 65 23
1 50
4 58 52 43 41
4 78 56 49 6
9 71 10 6 54 62 49 56 14 26
1 7
1 39
1 45
4 41 52 58 43
1 50
1 44
1 1
1 57
6 61 34 12 48 59 72
4 43 52 58 41
9 20 12 72 34 48 42 61 22 59
6 49 68 26 14 51 6
1 44
1 1
5 64 13 75 80 9
1 50
2 65 23
0
2 65 23
0
1 57
0
2 65 23
1 77
1 8
1 27
1 77
1 1
1 50
1 57
0
2 23 65
1 1
1 74
1 74
1 45
1 1
1 57
1 77
1 74
1 68
1 40
1 44
1 7
4 43 52 58 41
1 57
8 56 78 51 73 26 68 10 14
1 1
1 66
1 27
1 45
2 26 10
1 44
1 50
9 26 62 79 73 51 54 10 68 6
1 8
0
1 47
4 59 22 34 42
1 66
1 7
4 43 58 52 41
1 27
4 52 58 43 41
1 77
1 42
9 68 33 26 73 56 14 78 71 6
