99 91
2 41 15
1 88
6 34 35 46 51 58 48
1 27
1 68
1 84
1 22
1 18
1 63
1 89
1 27
5 39 69 12 64 66
1 27
1 77
6 52 31 14 36 20 86
1 63
6 82 3 50 1 5 90
6 72 83 71 42 24 7
1 87
1 30
1 6
6 5 50 3 82 90 1
1 87
1 18
5 51 58 48 34 35
6 53 2 85 62 75 70
1 27
1 37
1 23
4 43 60 57 26
1 30
6 72 42 71 24 7 83
1 27
1 37
2 15 41
1 77
5 3 90 50 82 1
1 56
1 88
1 30
1 87
1 37
1 56
1 23
1 28
1 6
1 84
1 77
1 63
5 48 58 34 35 51
6 36 31 52 20 14 86
3 76 67 81
1 56
6 2 70 85 75 62 53
5 13 73 78 61 19
1 27
1 77
6 47 38 54 33 11 4
3 76 67 81
1 56
1 30
1 27
1 68
1 87
6 70 2 53 85 62 75
1 23
1 56
1 88
1 22
1 56
1 56
4 43 26 57 60
1 87
5 61 19 74 73 13
1 22
6 53 70 62 85 2 75
1 18
6 19 78 13 74 73 61
1 88
1 23
2 41 15
6 13 73 78 74 19 61
1 84
6 82 3 90 50 5 1
1 88
1 63
6 80 44 16 45 55 25
1 63
1 63
1 28
6 52 86 20 36 14 31
6 53 62 2 85 75 70
1 87
1 28
1 30
1 56
1 18
1 30
3 76 67 81
