99 91
2 27 44
2 27 34
1 17
19 10 81 34 44 64 90 30 57 31 76 40 89 27 69 37 19 47 32 1
2 25 72
1 17
3 57 10 44
9 7 87 42 43 80 12 48 46 36
0
1 17
1 17
22 38 63 61 73 22 16 60 65 79 39 67 14 49 54 70 45 66 2 24 58 35 53
0
1 17
18 35 49 2 50 66 79 58 60 22 53 24 39 63 14 65 38 16 67
16 55 13 25 11 29 9 28 7 88 72 42 43 48 21 80 71
1 17
16 22 61 70 67 50 24 35 63 60 49 79 14 54 2 53 58
19 84 55 4 80 26 28 59 6 21 7 29 36 87 88 71 12 13 46 42
20 19 1 32 81 37 31 34 64 90 40 44 89 76 57 69 47 23 30 27 10
1 11
16 37 90 40 81 47 44 57 69 76 89 10 30 27 23 64 31
1 17
10 70 35 38 53 54 14 22 49 73 66
20 41 8 74 52 18 78 15 83 82 68 77 5 86 56 62 3 75 20 51 91
20 78 75 74 83 56 62 77 3 52 86 82 91 15 20 68 8 5 41 18 51
1 17
1 17
1 17
13 77 52 83 82 86 68 75 62 8 5 91 15 56
24 55 28 46 72 13 36 11 26 21 4 43 12 84 7 6 59 87 29 48 25 9 80 88 71
23 13 26 9 59 21 4 46 42 80 84 71 6 28 12 88 7 25 43 36 87 55 72 29
6 8 41 75 82 20 77
5 24 53 54 35 2
11 15 18 86 82 5 41 52 8 20 56 3
12 68 3 78 41 83 20 82 91 77 5 86 51
18 26 28 87 84 11 25 29 12 55 21 9 7 42 72 48 71 13 36
18 3 41 82 20 51 68 83 52 56 62 86 78 75 15 5 91 8 77
6 64 40 81 31 37 32
23 16 38 79 73 35 54 2 53 70 45 49 60 58 67 65 39 14 66 61 24 63 50 22
19 41 82 8 15 83 77 78 74 75 86 3 18 68 20 51 62 5 91 52
11 8 52 20 15 83 86 74 77 56 62 82
15 55 87 43 7 25 88 4 80 11 9 46 59 84 28 29
20 1 40 32 19 81 27 64 34 76 90 31 57 37 30 10 89 44 69 23 47
1 17
20 27 76 47 10 57 32 34 44 90 30 81 40 19 64 37 69 1 31 23 89
0
15 41 77 18 83 51 8 3 75 52 91 15 62 82 74 56
24 43 13 80 88 9 29 46 4 48 87 42 6 21 7 12 59 36 28 25 11 84 26 72 55
1 17
21 28 72 42 55 7 59 13 43 11 87 84 29 36 80 48 4 9 6 21 88 46
23 49 54 66 16 58 38 70 45 39 50 35 22 67 65 61 63 53 79 2 14 73 60 24
9 18 41 5 52 78 83 62 8 3
9 82 20 68 74 62 51 8 15 75
18 28 72 59 11 43 4 42 26 71 55 84 21 36 6 46 13 29 80
11 63 60 14 2 73 58 22 67 24 45 65
17 24 45 63 35 38 49 53 61 16 79 73 14 22 2 39 60 65
24 36 84 87 55 28 9 11 42 12 72 46 26 71 25 88 43 29 7 6 21 13 48 4 80
23 22 53 45 50 38 73 60 66 70 35 65 67 2 16 49 63 79 61 54 14 24 39 58
1 17
13 44 64 30 57 34 23 1 90 81 40 27 31 69
5 45 54 38 73 63
14 39 61 63 45 2 53 54 35 73 70 22 38 50 49
0
23 38 45 63 65 22 2 14 61 35 53 50 73 67 70 39 58 49 79 54 24 60 66 16
7 6 72 36 87 4 42 55
21 84 6 11 9 87 29 21 46 13 55 59 28 72 48 25 42 43 71 80 26 12
14 68 82 20 78 56 5 3 75 41 91 74 51 86 83
20 32 64 30 31 81 37 27 57 40 1 44 19 90 69 89 76 34 47 10 23
18 21 88 42 26 72 25 87 48 11 6 29 36 71 80 46 7 4 55
1 17
11 64 81 90 69 37 30 27 32 19 31 10
1 17
8 29 88 72 84 46 9 4 48
4 49 45 58 16
11 82 74 51 77 15 78 91 3 41 5 8
14 83 91 74 15 78 56 62 5 82 3 8 86 68 41
20 78 56 5 51 15 74 83 52 91 3 62 77 41 82 18 20 86 8 75 68
15 4 12 26 48 7 13 71 59 11 36 43 6 84 72 55
5 7 21 42 36 13
22 70 53 16 49 79 67 22 35 63 2 66 39 58 38 50 61 60 45 65 14 24 54
9 27 34 37 44 47 81 19 76 57
1 17
19 2 65 16 67 22 53 14 45 58 70 63 54 60 24 39 35 66 61 50
4 41 75 5 83
7 84 25 13 42 21 28 46
4 51 75 62 83
20 5 83 52 20 77 56 75 68 91 62 74 86 15 8 41 78 3 82 51 18
6 15 18 68 86 77 56
2 5 91
1 17
21 2 60 38 58 45 53 73 66 22 50 63 67 35 61 16 65 14 49 54 79 70
14 61 45 50 16 49 63 65 54 66 35 73 60 39 58
1 48
23 66 54 73 65 50 38 53 16 79 45 35 24 14 39 70 61 58 63 60 2 49 22 67
15 69 23 1 81 40 64 32 37 31 34 89 19 27 47 57
1 17
3 81 90 37
12 68 86 8 78 52 41 56 75 62 74 20 51
