99 91
6 45 61 91 55 64 72
8 86 5 79 39 37 63 84 7
9 56 67 31 39 43 7 37 86 78
6 11 63 5 43 79 7
1 69
2 40 12
8 87 33 44 48 51 85 36 19
6 68 27 45 73 91 62
7 54 1 46 75 25 21 58
9 3 15 58 26 6 90 2 38 75
1 69
5 61 77 72 73 45
1 69
9 30 61 77 42 62 64 73 49 45
2 60 88
1 69
1 69
3 76 24 65
1 34
3 76 24 65
3 76 24 65
2 40 12
8 13 1 71 54 66 26 25 46
1 34
8 10 11 39 31 43 37 5 78
2 40 12
1 34
2 60 88
10 86 39 59 11 63 67 79 43 10 5
2 40 12
10 5 63 31 43 67 10 86 59 78 22
3 76 65 24
2 60 88
1 34
9 22 56 11 59 37 86 79 4 41
9 7 37 63 11 56 78 31 86 79
8 18 74 28 80 83 51 36 9
3 65 76 24
10 35 50 64 91 55 68 61 27 49 30
2 23 16
2 88 60
2 12 40
6 87 19 20 70 80 82
1 69
1 69
10 86 78 31 5 7 11 22 67 17 43
3 65 76 24
6 72 27 73 47 64 61
6 72 61 77 30 68 62
2 16 23
1 69
10 50 62 47 32 61 55 42 72 68 73
10 21 13 15 57 6 89 75 26 71 25
2 40 12
8 79 78 67 39 11 31 22 41
1 69
2 16 23
2 40 12
2 60 88
2 12 40
2 12 40
2 60 88
8 51 36 83 81 74 20 82 14
2 16 23
8 3 66 54 58 2 90 46 21
2 16 23
1 69
1 34
1 34
2 12 40
2 60 88
5 77 61 72 32 27
9 11 86 37 43 41 7 39 22 59
2 88 60
8 77 45 42 50 62 35 32 72
8 3 58 6 71 38 46 57 15
1 34
5 14 36 51 48 81
2 88 60
2 23 16
2 16 23
2 88 60
2 16 23
7 77 45 73 61 35 55 49
10 90 1 58 75 21 57 66 6 3 13
1 34
1 34
2 12 40
2 88 60
2 16 23
2 88 60
2 60 88
10 48 51 14 20 74 9 85 80 83 28
8 49 42 35 61 32 62 73 68
10 3 58 38 13 1 75 57 25 89 66
3 24 76 65
2 16 23
8 87 82 70 18 20 48 14 29
2 23 16
