1000 150
21 637
15 483
559 16
14 756
17 869
113 26
33 746
10 628
489 9
195 20
679 25
1 604
220 32
455 11
6 650
31 568
549 12
807 25
785 29
301 31
4 607
14 880
919 17
13 973
4 821
28 995
16 951
504 4
4 472
15 964
34 335
9 106
14 786
32 931
400 10
718 21
22 152
1 439
21 584
6 173
116 10
28 463
23 630
15 714
505 5
23 167
103 4
25 823
18 400
174 30
873 20
4 800
228 33
11 655
233 25
33 841
963 19
134 32
14 626
33 512
609 25
8 818
14 604
308 8
832 10
638 18
34 86
34 151
523 27
434 22
25 134
642 29
3 441
629 29
146 30
318 9
26 538
384 1
63 7
21 719
350 31
11 421
193 20
2 436
10 560
31 472
791 20
39 17
789 24
737 24
536 1
20 410
28 948
809 18
19 404
974 6
481 24
3 958
665 2
233 13
23 703
28 250
2 565
72 14
31 499
882 5
556 6
5 735
334 33
978 6
7 578
338 18
802 28
11 731
358 10
543 17
31 701
251 32
331 5
4 58
7 513
906 16
22 940
4 178
8 7
9 605
845 32
27 712
793 29
8 128
313 33
164 18
970 9
29 433
30 84
6 492
28 843
28 255
800 15
308 25
177 6
351 6
15 295
28 412
14 614
193 28
8 509
327 7
450 33
554 10
