200 1950
178 118
12 66
16 30
45 37
75 5
56 80
136 5
11 172
85 140
120 78
140 63
42 170
107 44
58 184
24 132
140 75
65 145
55 78
141 157
76 150
189 76
34 18
151 80
37 59
109 199
23 70
105 34
81 67
195 140
51 130
196 72
28 16
78 68
112 39
102 59
56 66
97 25
71 149
92 18
126 7
109 74
194 117
7 152
198 153
82 134
190 25
116 2
182 162
23 164
57 68
142 126
40 186
84 123
130 76
127 88
26 51
56 49
28 40
126 65
160 112
13 130
50 94
52 84
32 74
138 80
104 99
53 181
146 50
164 36
157 96
7 13
92 84
68 99
122 128
54 143
37 178
22 70
149 33
196 194
93 62
86 163
50 43
160 39
153 101
112 28
137 191
157 85
171 28
156 65
53 80
137 102
152 161
164 152
122 100
2 110
10 121
86 153
132 175
28 38
179 121
184 9
113 185
53 136
146 85
52 30
47 30
5 72
65 45
171 138
62 52
132 42
158 49
18 111
60 167
59 176
131 158
135 129
5 171
121 80
97 89
200 189
83 87
74 161
96 44
137 123
51 66
153 73
18 6
195 68
71 17
100 61
25 130
4 58
80 122
6 54
135 151
99 193
51 148
72 56
106 13
89 55
179 194
129 183
128 153
27 51
199 30
79 53
2 148
170 13
81 141
21 197
65 57
148 34
126 47
199 13
157 102
38 11
127 14
98 152
2 20
64 107
41 103
75 180
133 78
112 59
189 158
187 38
16 106
179 173
50 18
19 184
94 158
8 19
65 74
56 16
43 4
173 12
169 127
136 105
31 149
8 56
167 69
50 17
197 78
161 75
5 143
188 104
117 199
10 109
44 172
59 119
116 172
21 8
6 140
84 30
25 147
79 129
10 49
12 135
73 27
29 183
176 79
152 181
68 144
164 35
183 30
4 68
111 107
160 144
24 84
5 21
162 190
74 84
145 31
136 129
51 13
179 38
135 82
58 39
158 68
53 3
4 101
60 163
171 41
134 36
119 24
86 32
10 30
96 4
103 79
35 173
48 3
122 64
57 71
200 30
22 56
125 36
83 111
125 75
199 82
110 180
162 91
189 140
32 22
30 5
113 19
178 73
183 31
145 182
8 66
85 45
94 11
36 25
15 61
111 31
20 88
99 156
154 168
119 179
182 102
52 181
34 11
75 17
92 35
38 129
151 106
47 198
90 152
182 181
130 43
17 40
192 21
138 60
162 105
116 9
80 139
23 100
153 68
54 180
56 132
7 99
165 72
18 147
102 145
173 60
92 183
131 196
142 59
29 8
97 162
112 192
101 82
10 105
30 123
119 42
80 198
79 67
128 1
80 118
31 94
16 3
113 49
124 20
36 52
139 12
102 84
175 197
122 49
45 131
2 130
82 59
43 194
130 12
69 188
171 187
34 3
184 15
1 192
73 135
23 26
88 41
165 62
56 161
72 36
35 111
91 64
187 147
126 149
198 194
9 90
74 189
5 92
183 27
88 149
49 143
196 71
82 152
85 87
47 121
136 71
86 114
148 43
74 152
3 155
45 117
16 114
20 122
181 70
74 22
86 71
71 180
25 48
33 73
64 37
125 159
132 183
130 73
19 95
162 1
61 113
58 113
41 102
42 164
124 69
38 42
168 83
187 57
137 193
108 194
52 23
24 189
132 74
187 26
9 191
69 81
56 85
61 130
23 74
153 63
180 27
77 24
126 175
137 176
114 15
21 121
96 32
36 117
77 73
23 80
9 122
86 175
57 182
13 161
194 148
144 45
126 33
91 166
46 126
128 157
66 79
17 151
13 127
86 196
17 180
116 16
16 23
79 7
48 99
137 46
98 132
162 16
163 47
137 69
70 27
85 58
133 188
156 38
119 77
34 122
90 69
198 145
117 50
155 132
82 37
168 185
1 27
112 169
59 104
29 168
81 88
31 152
68 51
44 60
4 1
42 187
17 30
132 67
193 126
199 38
75 195
32 38
114 143
178 23
144 168
89 174
90 94
139 61
112 97
2 67
79 90
32 91
98 110
62 32
79 89
14 69
77 156
8 147
182 63
117 161
34 53
130 103
138 28
152 83
150 126
115 4
128 135
41 89
159 157
131 4
107 10
116 142
53 131
90 130
142 29
184 84
16 200
147 24
12 52
177 38
103 32
107 8
42 102
32 19
116 74
1 179
2 68
49 18
28 144
54 76
23 33
43 70
55 3
145 1
61 89
82 57
154 107
142 35
97 18
98 86
9 32
162 7
167 88
170 123
74 41
89 11
94 144
63 7
3 108
75 173
87 165
182 26
131 136
102 106
133 88
19 51
155 102
24 36
118 61
136 163
62 72
70 49
169 136
83 12
157 12
81 42
181 112
57 140
131 18
93 6
76 15
168 50
83 105
66 123
112 35
187 35
10 97
188 88
154 61
167 107
24 196
185 89
108 54
43 101
89 13
143 126
61 145
107 34
46 150
148 70
89 180
100 59
171 174
29 92
13 97
184 98
68 168
26 85
67 194
115 22
187 176
107 142
42 143
19 121
195 19
54 122
125 88
35 108
109 48
57 147
190 49
68 109
63 5
18 72
189 18
102 99
35 195
22 96
17 159
29 175
60 145
16 139
76 87
40 98
151 74
63 122
168 72
143 37
145 134
148 168
200 7
121 186
71 87
182 72
81 163
7 186
179 106
176 83
86 115
117 162
58 89
57 27
37 179
110 169
66 65
67 23
45 91
32 126
150 17
123 63
112 145
11 174
68 88
131 153
42 54
172 6
37 194
54 174
5 13
18 2
7 143
66 57
75 149
82 5
72 133
145 20
102 134
13 107
137 93
103 52
71 62
99 163
41 188
70 4
188 143
183 3
33 45
9 134
117 87
12 182
172 37
162 74
163 28
35 94
32 175
187 8
155 186
108 11
171 118
30 187
37 81
81 194
1 45
44 55
157 33
50 126
38 93
200 92
107 79
76 193
9 118
184 154
150 163
17 153
92 72
127 136
21 88
54 126
182 51
79 137
60 14
93 33
12 96
30 14
67 103
140 4
178 20
81 152
143 136
97 20
2 166
181 8
193 94
116 17
39 172
19 2
166 156
52 113
28 143
12 103
33 50
69 128
45 16
4 147
69 1
43 126
171 30
170 85
156 44
96 39
60 28
84 85
133 119
96 105
73 29
136 50
167 35
116 72
161 192
121 170
94 105
139 194
80 164
2 122
32 170
13 194
121 32
63 197
24 52
51 14
83 144
177 10
200 59
118 54
10 84
8 113
84 154
74 145
67 158
114 46
113 37
109 89
64 192
87 68
112 50
20 93
42 16
55 126
13 29
117 23
19 99
120 14
20 24
41 152
72 159
52 18
16 53
32 46
89 29
162 53
3 6
153 1
156 24
31 136
94 12
132 50
196 14
115 35
163 114
24 123
81 161
85 158
179 109
13 186
26 137
60 171
67 68
166 85
58 11
25 96
63 158
23 166
62 121
97 139
171 80
168 191
71 192
170 80
148 21
3 106
15 44
39 22
88 143
26 160
166 40
188 78
18 12
137 42
117 17
152 84
149 179
67 113
4 175
87 190
129 119
185 22
197 124
52 60
186 151
105 169
127 168
78 163
173 63
178 8
153 179
122 6
159 88
174 150
128 76
102 161
178 6
80 7
199 36
41 164
62 68
192 53
16 81
31 115
101 19
110 184
55 139
21 39
149 103
114 190
31 25
70 91
139 39
183 163
159 95
24 141
119 103
76 74
70 18
21 163
157 24
119 58
116 173
71 154
86 20
7 173
32 8
19 157
163 140
117 35
10 31
151 78
98 45
81 174
86 189
105 18
68 113
62 49
127 23
145 79
192 32
163 93
113 172
63 137
152 146
130 79
1 183
70 35
1 66
15 67
161 15
137 11
121 189
103 38
7 146
90 154
31 71
44 102
173 39
78 114
75 20
36 106
112 114
88 191
189 127
127 10
175 194
12 155
189 4
173 128
9 71
129 185
129 63
122 70
154 160
80 149
190 196
90 57
134 2
194 65
87 44
143 35
57 112
122 198
35 118
122 135
17 131
44 72
167 10
10 149
192 113
66 157
17 139
172 158
160 12
102 77
167 142
79 120
120 168
93 71
88 181
27 89
198 77
96 19
68 131
89 57
23 49
6 132
122 90
49 96
5 19
78 93
200 176
175 26
32 40
131 67
127 89
69 145
91 163
2 63
128 178
36 77
61 187
82 159
62 191
182 71
8 121
41 137
69 39
52 42
140 88
128 40
26 197
171 95
56 169
159 68
22 101
181 75
199 15
14 40
28 69
13 73
36 113
128 79
38 54
66 58
40 48
187 91
47 196
69 88
13 68
189 183
184 65
11 39
59 169
130 7
57 10
79 144
100 172
28 146
88 193
111 121
145 86
134 130
196 75
78 7
75 147
153 9
95 65
157 125
1 40
115 63
130 8
102 108
166 121
120 90
146 25
98 99
175 53
157 21
9 166
104 122
90 137
136 102
38 110
134 86
109 59
93 3
114 10
44 155
140 123
85 171
114 181
127 200
149 55
162 52
52 39
67 32
72 199
101 170
54 65
7 22
84 1
188 31
135 58
111 43
82 26
155 197
137 67
143 183
40 85
72 25
157 92
81 38
189 27
87 109
31 187
52 200
88 128
49 43
18 27
13 197
171 45
134 26
170 113
134 51
85 44
57 64
132 161
63 113
200 108
99 72
37 130
25 100
66 172
7 58
128 50
156 9
80 19
77 26
198 82
11 99
159 167
200 46
46 97
107 198
56 127
144 133
47 114
5 197
136 54
37 12
41 8
133 93
61 62
109 139
67 151
34 139
99 187
28 113
78 37
171 139
101 21
40 70
199 122
167 3
95 6
46 148
113 60
140 26
159 177
86 85
125 86
100 65
117 91
152 91
171 26
192 142
16 125
30 127
101 200
97 108
24 153
181 5
93 28
34 154
15 31
136 87
54 170
173 51
195 109
48 108
185 19
86 46
12 118
64 119
125 20
65 37
85 75
21 190
53 96
4 174
110 21
79 34
3 144
150 146
99 90
89 148
82 176
108 39
41 194
138 91
198 16
150 151
107 159
196 138
31 137
166 80
60 33
117 99
182 161
56 1
1 180
25 162
69 87
144 61
194 90
130 139
35 165
88 129
94 1
140 93
116 89
106 25
8 186
192 60
32 18
195 132
104 129
189 35
24 166
178 183
155 118
64 89
94 154
54 35
86 165
197 99
178 77
125 95
13 76
34 90
100 175
117 128
140 72
156 120
63 162
7 103
88 142
177 76
56 124
111 167
107 114
35 131
99 139
41 130
47 67
38 192
177 4
193 160
176 22
150 47
100 22
185 68
34 165
13 117
67 166
85 185
137 150
102 176
119 81
117 14
34 188
90 132
9 5
48 106
85 130
154 56
61 108
168 19
44 151
24 130
88 106
9 194
46 120
81 2
24 7
5 52
137 5
195 42
22 16
155 133
179 105
16 66
97 98
157 121
49 73
137 7
186 36
136 58
87 49
102 105
77 101
197 28
95 17
54 182
10 164
193 96
192 10
3 73
10 142
31 200
194 165
148 18
22 163
137 44
36 105
97 49
188 182
158 88
139 95
86 130
200 175
35 170
49 82
36 152
154 8
167 139
129 41
159 191
191 92
173 54
85 169
128 16
175 92
3 180
33 95
136 88
89 146
14 53
138 53
64 23
63 174
125 170
199 87
18 29
185 127
141 52
50 175
188 2
3 10
98 104
92 199
114 2
42 40
38 64
70 198
12 109
52 56
188 81
19 30
13 164
43 85
172 88
178 101
26 124
57 136
158 21
89 104
161 131
10 172
57 18
3 40
14 140
121 87
89 166
36 136
83 162
183 190
86 55
105 11
143 153
180 66
129 24
52 45
199 96
65 160
147 55
194 79
130 34
146 138
56 126
128 24
15 30
69 154
28 18
31 93
91 115
84 176
33 155
126 166
193 125
47 93
135 120
31 196
60 180
138 71
187 127
94 73
105 39
121 51
6 41
58 47
34 196
184 124
139 56
26 38
68 160
156 14
87 124
86 132
144 109
50 181
66 18
56 165
34 46
68 29
123 45
115 118
103 200
9 16
90 193
170 98
146 45
53 108
4 30
110 50
64 50
18 114
84 66
95 172
16 129
9 137
31 78
77 99
33 122
91 42
12 200
7 115
86 7
166 100
33 183
26 31
38 73
50 73
17 1
23 133
21 107
176 57
61 171
10 179
12 58
32 35
155 2
126 103
62 170
38 12
173 130
15 78
167 76
32 75
17 43
66 141
141 65
53 11
170 129
27 158
185 119
53 55
39 155
72 28
196 63
99 141
44 19
14 151
123 40
119 85
12 17
6 68
13 21
106 156
6 49
13 198
174 97
89 175
138 61
198 99
198 195
111 103
124 40
4 148
120 180
85 82
97 102
61 93
82 104
44 157
200 57
63 27
57 127
66 82
124 13
63 163
49 131
62 94
62 82
83 5
36 47
33 170
69 12
94 27
124 37
17 178
69 156
8 170
192 103
85 34
155 145
84 69
37 55
50 31
123 94
151 178
195 72
10 46
45 3
164 38
78 173
141 135
173 154
172 2
48 156
69 74
104 117
88 144
183 28
114 104
150 30
123 53
124 182
52 143
81 26
96 36
195 139
147 31
55 68
79 163
20 51
138 127
8 6
94 57
4 6
28 17
39 29
15 22
175 80
142 22
100 195
15 181
191 143
77 103
110 141
96 192
188 21
30 100
35 184
147 135
144 116
84 190
1 136
150 27
73 22
59 30
182 193
180 48
11 26
191 97
110 36
7 17
15 111
58 72
192 34
5 15
117 187
75 182
121 15
50 76
186 14
187 46
22 172
9 126
15 64
92 60
109 99
87 90
182 190
200 43
110 1
94 78
105 7
176 86
187 107
27 154
183 193
105 23
170 97
61 199
50 184
42 90
200 174
160 30
190 5
13 178
76 133
53 20
56 77
73 69
67 84
50 25
21 193
93 149
91 25
166 97
98 180
13 20
10 34
200 86
102 73
49 132
181 196
98 96
183 25
113 35
27 156
181 39
143 161
174 177
67 31
47 157
93 17
12 175
90 15
107 127
108 7
27 32
92 162
65 36
119 88
109 142
158 46
23 65
53 49
103 83
153 109
13 80
184 100
64 102
27 114
98 57
17 194
158 132
147 5
89 63
49 30
76 149
73 158
69 27
117 122
87 4
193 10
64 173
178 1
62 20
132 20
173 110
44 138
14 77
115 160
122 139
81 146
165 37
69 178
108 73
148 69
1 151
89 199
58 198
80 157
187 95
123 47
111 72
95 109
48 74
25 24
38 78
32 23
7 181
84 71
60 137
19 144
174 47
144 155
131 69
4 112
121 56
91 98
126 30
194 75
151 53
142 74
199 77
82 137
64 154
31 88
72 40
167 73
151 90
107 42
151 38
50 51
11 80
62 169
58 46
124 153
150 57
200 19
97 155
102 49
7 33
110 59
68 7
146 29
13 154
63 187
73 189
77 22
197 163
196 19
90 181
38 150
6 169
119 19
151 144
51 36
200 78
172 35
93 18
199 90
198 24
66 181
69 161
135 117
192 194
160 9
8 11
42 109
35 163
86 34
11 63
123 18
126 154
3 21
71 185
105 41
185 174
180 68
138 101
150 105
94 146
14 15
43 8
148 108
183 161
134 64
154 6
42 87
38 34
69 3
194 54
126 27
157 59
54 46
63 66
82 91
194 114
104 119
57 116
88 192
97 143
144 73
156 88
92 48
187 74
170 180
81 87
17 39
107 129
35 185
88 73
196 11
82 167
192 69
160 67
114 103
70 157
138 141
19 138
65 2
151 39
61 68
111 171
67 27
151 20
151 99
157 71
104 47
23 193
17 24
81 159
46 190
142 179
77 34
36 104
56 26
119 94
15 57
41 17
154 157
143 85
40 51
109 11
99 59
108 45
80 10
198 23
139 8
129 132
173 70
187 124
114 21
90 25
35 24
5 60
111 9
160 15
97 53
40 41
67 153
165 42
75 27
166 135
105 177
28 137
69 155
95 154
48 122
64 58
172 4
84 44
81 50
21 31
87 185
63 70
144 152
191 27
53 176
120 29
19 36
79 197
142 92
67 9
70 39
9 199
45 42
108 50
109 137
24 58
191 57
54 79
76 190
118 95
100 164
94 168
22 135
185 60
115 102
72 174
177 122
169 97
189 106
33 37
147 35
9 182
127 100
124 32
191 28
84 77
69 113
51 99
134 161
72 185
153 89
12 95
109 148
18 154
95 37
193 33
192 63
190 23
24 43
149 110
50 158
186 107
102 131
59 105
148 66
112 124
90 32
31 61
141 184
11 32
43 75
95 24
165 12
56 63
32 148
100 58
62 197
147 95
87 84
50 47
25 6
9 188
111 193
184 23
111 129
126 41
114 174
181 144
77 16
139 101
92 135
89 52
135 101
70 107
9 53
20 30
155 25
30 65
56 95
185 111
76 62
191 65
84 151
172 195
125 104
118 183
159 90
134 124
112 75
109 38
42 191
70 123
96 139
66 50
144 99
110 88
134 189
158 83
12 72
11 45
56 75
18 73
11 6
167 38
108 49
139 68
15 83
80 150
167 12
112 177
3 185
117 63
6 197
173 9
106 181
145 105
168 162
2 17
159 40
81 34
156 96
29 156
127 7
196 28
99 100
148 95
7 66
49 152
67 173
159 14
31 5
111 46
147 173
125 56
123 80
5 26
176 3
35 175
50 34
80 54
175 85
191 31
21 198
12 199
190 56
8 82
