100 1950
69 57
8 3
5 81
33 95
86 42
75 2
43 73
69 67
99 36
7 85
50 3
22 59
2 20
77 63
14 57
98 80
79 94
1 44
3 31
43 18
27 23
25 17
35 72
5 70
8 39
73 77
46 55
6 95
29 48
77 37
17 76
33 47
21 46
15 51
46 8
6 61
67 87
71 75
59 33
32 52
18 4
19 26
46 82
72 60
41 99
97 85
81 35
58 60
39 42
31 81
22 6
12 46
80 11
35 56
41 26
23 4
52 96
79 10
22 61
12 38
53 3
48 2
25 39
8 7
63 43
43 15
23 16
75 12
51 56
73 88
71 64
1 28
30 68
15 25
66 91
72 74
91 29
84 14
86 87
17 30
22 72
16 99
94 67
73 59
83 18
67 8
13 95
94 47
8 100
32 37
95 74
99 13
76 42
94 16
49 71
20 99
93 20
83 47
34 86
88 47
96 50
37 59
1 90
81 78
49 88
13 41
14 59
7 12
45 20
90 18
23 41
45 30
87 26
64 30
11 59
86 44
77 13
42 83
94 54
38 82
44 68
1 63
33 53
7 95
24 53
80 30
44 87
73 24
74 17
64 8
33 72
29 39
35 39
21 6
74 11
45 98
31 76
56 45
84 64
18 69
12 54
9 24
92 23
51 41
90 96
72 13
63 8
77 44
81 24
62 30
74 92
46 38
97 16
69 5
99 17
47 99
71 15
81 32
61 75
83 96
41 43
83 61
2 77
31 84
36 77
24 27
37 92
36 22
83 24
51 3
25 41
56 69
1 31
50 66
98 39
1 30
97 88
44 40
62 19
4 83
74 25
36 11
83 52
10 17
33 84
51 83
24 20
68 95
14 65
21 41
31 37
2 38
15 84
39 2
6 25
21 92
77 40
55 41
84 90
12 45
46 80
10 70
79 69
81 10
94 44
70 7
35 42
56 78
52 65
36 34
34 51
21 30
53 75
85 31
99 35
2 52
84 77
62 88
55 64
61 95
7 19
16 79
17 62
83 92
84 70
58 62
8 86
57 97
98 84
15 14
26 99
73 75
33 34
52 40
82 39
36 23
1 88
68 26
56 30
96 93
17 34
68 10
57 72
38 98
7 53
16 84
91 75
41 6
83 5
28 53
8 98
27 18
47 75
22 74
40 12
11 24
77 20
42 32
43 42
55 54
8 29
29 99
50 45
19 27
35 26
87 30
13 3
68 63
89 64
78 88
63 23
96 22
94 48
22 75
8 16
2 43
31 45
23 30
52 72
1 7
87 41
63 78
74 70
12 31
62 90
80 91
81 6
85 87
34 69
48 45
27 48
100 57
35 45
56 86
5 58
75 94
29 65
25 81
63 92
62 8
85 2
1 68
26 1
75 40
65 93
38 85
85 95
10 73
74 68
66 76
61 88
15 32
84 63
98 95
67 61
97 73
20 31
35 27
41 33
21 58
2 72
32 85
29 68
44 92
68 43
55 81
59 74
14 98
80 6
70 47
46 2
11 98
76 20
74 6
47 89
13 30
67 95
82 76
72 68
1 87
15 3
58 52
79 38
14 72
59 28
75 29
46 5
26 2
73 87
53 21
60 67
32 25
55 47
6 12
7 10
23 89
49 70
90 98
40 48
94 22
97 26
16 75
44 43
91 24
68 23
67 43
75 33
42 95
84 35
97 71
42 69
31 2
84 83
19 71
57 18
5 50
72 59
57 23
51 89
56 40
17 95
55 10
82 73
47 86
78 92
29 77
38 29
40 85
47 9
15 20
3 5
43 87
40 100
33 63
43 3
36 72
6 77
81 36
51 46
72 66
26 13
45 3
100 27
52 28
26 20
100 45
83 57
83 48
49 20
62 47
61 21
3 93
78 13
58 38
39 75
93 100
80 76
6 60
23 70
2 76
86 18
12 59
19 39
81 69
69 68
27 33
5 10
72 42
97 69
17 35
82 12
7 58
33 6
43 80
31 26
44 48
19 6
34 95
76 98
20 35
55 18
99 46
96 53
81 3
79 15
78 37
11 57
85 42
65 51
36 13
71 84
8 36
24 56
11 26
46 58
79 63
88 5
64 51
4 17
99 52
59 58
90 36
72 95
90 100
41 44
81 74
21 2
6 5
4 94
72 75
87 45
74 7
17 52
99 87
36 37
25 38
21 15
56 50
84 91
1 85
31 43
97 14
51 75
56 90
90 68
46 54
20 73
76 19
62 57
76 51
99 4
66 89
82 67
96 55
79 14
32 43
29 19
88 71
16 35
71 48
29 54
72 88
8 2
76 14
12 30
85 61
4 37
63 62
9 65
64 16
36 62
93 21
11 51
13 97
34 21
85 12
18 68
9 57
66 14
61 68
43 35
15 88
100 94
6 73
69 2
79 30
83 58
19 14
55 19
21 52
95 29
28 11
90 81
42 54
39 13
95 47
99 43
63 27
29 57
6 72
19 99
98 100
68 77
78 16
77 55
34 20
79 32
49 51
66 43
81 91
19 81
26 74
58 32
87 84
67 28
96 61
48 3
4 71
79 99
37 87
54 89
82 21
66 10
67 58
83 98
24 71
94 89
11 35
86 51
11 39
97 52
85 54
18 78
6 91
93 76
5 96
18 20
28 100
49 27
61 33
3 42
49 61
49 23
39 7
29 58
2 80
27 36
34 16
75 99
9 33
24 98
39 47
2 11
24 29
67 59
62 10
4 86
22 97
22 89
32 4
53 26
78 46
9 76
37 58
8 18
63 6
39 89
22 32
91 4
82 29
27 21
33 96
30 29
65 38
10 72
24 50
7 68
84 65
16 38
17 81
68 47
4 63
11 47
54 15
18 45
34 50
38 83
29 5
46 83
55 93
21 63
38 57
66 29
78 87
75 5
96 45
17 70
27 9
26 89
7 78
75 59
6 32
64 85
53 34
48 74
26 69
54 21
85 92
59 76
5 42
34 30
64 14
65 99
33 15
60 20
70 12
59 91
22 88
26 25
49 8
80 19
20 12
31 28
52 66
3 84
55 66
18 6
23 60
85 69
51 33
18 85
35 55
4 73
85 33
65 45
100 33
22 69
87 20
52 81
30 59
25 71
21 28
31 17
83 85
98 27
20 39
79 26
58 30
73 27
73 45
25 85
21 79
93 35
30 75
41 34
47 42
29 14
39 43
61 77
72 4
60 28
24 51
1 98
44 13
17 48
69 65
86 74
54 16
44 35
15 9
10 97
91 54
67 91
31 52
90 60
27 59
52 36
80 12
91 12
40 28
46 60
61 53
22 86
34 23
94 26
19 34
95 9
25 60
32 98
13 71
38 97
67 25
81 4
2 83
27 5
19 88
96 42
67 98
35 88
32 66
88 37
54 18
54 77
66 6
21 100
67 62
8 90
31 80
40 79
7 63
100 92
48 30
80 95
49 7
49 50
34 77
64 70
40 82
31 23
24 85
70 65
79 58
99 72
69 32
59 100
53 91
38 94
55 32
76 15
31 18
74 4
47 41
55 87
32 47
68 100
2 5
62 22
13 46
81 96
37 73
38 17
54 6
4 64
32 46
80 13
3 12
68 48
8 79
42 12
34 54
76 52
69 64
86 84
51 52
67 93
84 13
11 63
11 76
70 20
26 96
37 28
50 94
72 69
4 15
12 79
55 49
43 54
27 1
64 76
18 63
55 44
41 60
43 77
38 67
73 86
72 96
18 22
69 33
100 56
55 3
6 20
60 77
41 67
62 66
79 1
78 25
66 88
49 26
55 8
41 58
51 43
21 26
24 8
56 89
29 67
47 50
92 87
96 21
82 71
83 72
83 8
64 32
41 46
28 48
92 99
62 64
83 20
47 45
3 33
29 13
68 14
41 74
25 49
31 9
79 98
42 1
16 74
52 88
65 32
16 89
5 32
55 71
41 30
40 78
9 94
53 78
56 19
62 25
94 81
45 54
75 34
2 51
60 69
20 11
74 45
55 60
73 99
89 8
37 21
80 38
70 28
60 71
2 6
82 33
17 72
16 1
51 93
27 7
64 33
46 95
91 48
48 18
45 57
88 39
2 79
61 58
77 57
77 91
30 86
50 29
20 96
64 57
63 75
44 97
39 86
4 85
49 77
63 45
74 10
72 3
42 11
3 11
100 89
61 13
80 4
44 47
12 11
81 22
66 22
16 51
37 83
100 39
31 100
8 25
70 88
46 18
73 29
56 92
48 32
1 97
73 1
65 30
79 51
18 74
78 8
44 37
34 59
83 70
7 28
27 66
75 88
45 24
66 19
12 98
78 2
65 97
39 54
11 41
35 29
75 21
43 14
51 68
52 70
83 82
77 11
77 52
95 96
29 98
78 50
34 91
24 3
72 44
29 92
31 11
35 1
10 39
12 78
66 39
69 1
4 39
5 12
62 35
97 24
16 33
50 30
65 10
37 62
44 8
30 49
100 23
29 34
7 15
32 38
59 99
13 8
89 52
99 38
82 5
15 50
35 58
24 68
26 84
82 13
15 67
50 13
15 95
52 49
71 62
2 9
71 94
6 88
47 57
51 32
12 68
44 17
15 45
35 6
67 45
61 69
90 28
85 16
82 1
37 82
78 69
12 2
45 88
94 63
69 92
47 10
67 12
67 32
80 28
28 6
21 95
24 40
94 76
44 57
68 27
27 97
13 25
83 30
22 2
75 26
63 83
47 37
94 55
64 19
52 23
46 34
78 99
57 51
84 23
82 61
62 46
43 5
62 3
70 1
84 10
95 12
30 77
82 18
7 36
46 98
2 68
47 82
46 44
9 7
59 32
25 50
72 85
48 51
33 88
74 51
86 9
91 90
68 8
17 39
48 23
9 23
68 59
38 8
43 92
51 27
43 85
4 79
3 61
47 67
88 86
16 25
28 22
74 93
8 81
37 95
45 10
37 86
100 69
50 44
41 93
40 69
66 41
83 17
46 59
63 57
32 33
95 66
11 83
84 89
98 89
50 95
78 86
31 53
64 82
20 27
90 6
6 71
15 65
32 61
74 42
45 2
39 74
12 35
89 10
12 23
16 7
85 21
15 64
23 15
94 7
1 20
16 44
51 10
79 70
67 10
15 6
20 100
12 87
43 75
14 17
9 97
7 4
82 60
16 60
59 21
97 6
44 33
73 19
17 45
23 28
51 63
9 91
75 48
10 82
8 30
6 27
16 14
44 23
5 55
29 52
20 41
96 51
14 39
93 68
92 17
95 100
86 97
59 8
32 96
5 13
4 9
9 67
83 71
78 60
9 29
7 24
78 95
24 4
96 65
1 77
65 21
73 68
48 58
85 19
45 16
64 13
87 9
60 39
7 38
61 10
65 42
29 22
98 9
11 94
7 82
26 78
6 38
40 66
12 71
47 3
97 7
16 18
92 71
15 40
13 89
69 58
67 46
13 67
88 41
98 65
78 36
66 70
90 48
64 100
38 54
51 29
1 47
14 99
23 94
69 30
55 37
12 74
21 76
9 37
96 88
85 37
52 45
50 46
18 87
32 21
12 76
60 64
94 45
92 82
13 56
34 2
77 24
4 11
47 34
45 6
26 27
22 44
72 28
42 94
92 36
16 28
39 72
80 22
53 12
67 27
47 14
62 82
17 19
100 5
60 88
47 28
50 40
36 15
9 90
60 83
81 41
17 26
56 83
55 68
86 65
25 10
21 7
78 94
62 84
44 98
96 41
25 14
1 32
61 24
84 56
3 52
28 62
14 37
88 57
55 78
52 60
24 19
3 1
20 5
96 86
44 9
36 57
7 47
75 42
62 48
67 78
46 75
32 17
95 71
94 5
63 36
42 58
49 62
75 1
86 20
14 2
73 5
81 63
68 42
11 66
88 31
70 11
59 53
80 44
1 5
100 50
37 54
3 36
47 69
93 95
93 70
69 93
57 49
11 73
83 43
8 22
6 96
39 97
45 32
58 81
48 64
86 67
73 30
56 48
24 75
37 74
96 58
44 96
68 16
66 44
57 13
74 8
64 12
64 5
34 1
33 94
30 82
87 50
20 16
95 30
72 81
60 47
17 75
2 35
57 89
63 40
47 76
48 76
98 92
9 30
53 35
42 17
58 15
68 67
88 21
94 96
14 41
9 89
97 54
1 48
22 70
14 32
52 4
46 66
15 12
54 31
99 50
37 96
42 70
18 15
45 91
70 4
41 31
82 17
10 1
35 63
29 28
4 48
16 2
26 58
67 11
58 82
97 30
70 46
25 2
94 19
85 98
15 78
54 35
46 43
92 7
7 40
26 51
54 82
84 38
29 43
25 70
16 21
27 80
81 14
90 14
64 6
44 42
78 80
87 72
53 86
13 58
61 25
40 41
35 3
34 13
87 96
88 12
4 60
99 89
87 97
55 7
20 95
89 29
35 94
99 77
13 23
68 99
76 97
16 90
10 92
44 6
91 83
87 48
87 22
58 88
80 75
12 19
8 61
27 45
14 94
3 63
49 78
26 38
81 68
95 92
84 75
30 46
98 19
30 43
25 3
51 84
22 1
54 88
55 11
57 50
45 36
87 95
45 7
16 76
93 64
40 68
49 72
40 30
35 9
35 85
56 67
32 7
28 45
4 97
97 72
79 34
5 74
91 28
80 96
88 85
83 59
46 90
9 71
96 9
64 44
43 88
68 20
35 73
60 13
11 23
66 8
32 73
35 13
95 25
67 81
18 77
40 9
82 19
25 44
70 98
65 11
83 6
11 30
27 88
37 27
65 26
11 48
40 87
56 62
87 16
53 11
42 2
33 7
66 33
36 2
95 16
23 95
72 27
88 64
17 97
94 29
89 58
100 85
80 16
93 92
26 43
90 61
24 84
96 24
26 9
80 58
7 93
19 25
16 3
9 56
72 15
51 88
62 38
28 63
37 2
59 41
14 93
79 23
100 7
86 68
76 8
77 27
62 93
78 9
42 80
43 89
87 17
57 87
15 70
99 8
73 21
15 16
23 96
85 66
44 20
89 34
89 92
29 88
73 14
64 81
10 83
49 48
74 9
76 33
6 34
66 97
75 35
19 3
97 2
84 50
81 12
80 41
50 54
13 54
1 45
65 4
15 48
98 21
62 20
4 68
50 41
34 88
23 59
31 10
100 67
15 100
65 49
94 27
27 25
52 69
67 77
61 74
90 87
29 81
91 65
65 35
56 33
98 75
71 21
74 88
29 18
59 69
74 90
40 17
62 98
45 34
21 90
50 93
54 14
31 96
83 94
52 27
16 12
79 3
10 76
36 74
87 54
75 57
92 49
12 26
37 80
27 47
5 68
10 12
20 63
21 47
30 19
28 36
13 74
31 19
60 87
18 17
22 50
37 30
27 65
17 80
87 56
88 89
24 43
26 85
62 23
44 58
5 86
65 77
46 26
55 25
40 73
80 60
10 16
49 46
59 2
24 49
74 100
10 85
28 74
98 2
60 42
77 95
18 62
36 64
99 69
45 82
85 49
83 28
28 20
8 10
90 55
71 23
87 5
86 80
1 54
11 85
60 54
37 56
54 86
36 21
24 86
95 52
8 32
78 28
100 82
92 53
10 2
39 40
95 76
82 27
84 11
52 82
75 66
68 33
21 72
86 14
66 36
98 23
91 93
44 28
49 2
29 96
75 41
39 67
86 32
17 13
5 28
94 80
99 10
42 50
55 67
49 1
16 39
79 67
89 2
67 70
29 46
19 28
13 94
57 73
85 50
23 99
83 54
54 79
44 59
70 3
28 24
40 22
73 51
96 19
26 73
1 19
26 37
52 33
57 31
57 41
65 37
83 7
40 42
25 53
85 90
18 61
78 3
70 62
85 58
50 86
51 70
78 10
62 52
29 1
66 30
31 70
89 85
26 81
35 52
5 23
93 82
53 65
27 32
38 89
25 29
53 82
37 13
70 40
32 74
23 39
9 43
68 97
6 31
87 77
92 28
22 9
62 81
37 34
56 14
39 18
55 42
51 85
79 47
23 53
8 58
36 55
21 17
88 18
5 31
88 69
11 38
24 2
37 22
4 87
36 17
89 74
62 40
93 1
1 38
64 52
21 51
53 70
58 19
87 33
80 85
68 70
39 93
23 25
89 25
26 39
53 40
24 31
71 7
74 38
59 45
56 29
44 4
29 27
47 13
46 9
4 90
12 94
6 67
71 50
56 20
84 2
54 52
86 3
76 87
68 91
80 29
52 37
76 60
50 35
53 58
14 45
58 71
29 90
70 43
27 62
34 49
50 27
27 89
57 95
32 90
15 62
90 13
98 91
46 56
35 91
98 51
8 15
73 69
27 41
93 78
19 65
61 78
35 71
25 87
1 66
91 89
47 46
3 4
46 48
97 45
9 66
93 27
50 23
47 72
14 1
91 95
21 67
58 1
6 68
98 10
33 24
48 89
22 99
52 78
71 17
26 40
72 94
76 61
14 42
34 38
19 11
26 90
52 100
62 61
83 73
61 31
99 37
61 7
51 35
63 95
37 16
27 17
28 82
16 11
67 44
55 84
92 14
15 31
24 38
66 83
7 65
21 24
89 18
48 14
38 91
62 59
71 44
96 46
33 79
62 97
14 80
88 11
24 69
18 66
86 19
22 21
56 63
44 65
88 36
89 7
63 31
66 98
18 3
85 46
7 69
86 92
83 16
10 93
64 97
48 79
26 7
72 51
62 60
29 85
7 57
60 57
18 58
73 7
45 81
30 74
37 23
25 88
80 51
8 41
27 31
55 16
66 34
35 22
85 53
31 93
19 77
15 2
12 58
98 36
85 39
60 12
62 33
26 95
36 48
34 35
76 26
72 31
6 4
86 63
