200 1950
8 110
20 60
34 6
106 67
132 141
30 33
179 30
94 131
147 130
42 108
36 149
12 185
163 52
170 25
80 109
75 131
102 141
88 84
44 43
147 185
114 76
72 31
185 1
4 173
191 81
2 36
14 24
80 199
47 42
121 183
59 79
193 54
98 110
22 196
178 22
148 67
194 176
117 92
156 19
53 35
119 48
196 183
165 87
111 171
9 187
172 159
96 6
60 116
160 7
118 86
97 83
8 124
49 114
18 192
49 125
110 80
43 49
10 19
148 83
135 29
70 22
64 161
138 131
127 17
35 89
66 31
35 131
170 128
64 66
12 4
165 22
157 138
13 106
23 149
22 79
8 69
51 161
93 87
55 17
174 20
86 172
67 160
68 153
24 164
81 60
188 18
129 158
33 138
97 34
159 8
30 148
44 131
70 104
152 60
163 159
63 37
198 68
148 63
192 159
164 63
175 57
125 2
59 7
129 19
161 47
66 27
135 42
17 148
170 134
100 169
171 193
172 45
165 100
30 101
185 32
25 41
174 192
181 31
77 43
154 198
46 59
15 151
28 73
71 80
58 168
96 63
172 29
96 62
2 171
9 148
149 152
72 99
59 137
175 140
54 153
79 136
118 16
61 170
194 150
36 126
121 9
190 164
170 68
116 44
70 78
96 183
70 79
178 192
80 107
29 136
83 43
50 4
57 51
151 41
124 106
105 138
163 29
46 146
111 93
183 47
189 92
32 180
70 177
122 102
89 55
157 39
140 184
76 33
170 3
50 148
57 153
19 60
35 104
66 200
1 104
172 31
135 151
46 120
56 42
199 44
58 23
37 76
41 139
56 153
1 64
12 34
23 92
70 123
166 118
9 44
144 150
127 159
115 52
124 104
13 196
10 199
149 78
46 10
90 69
115 5
146 122
160 163
62 90
34 186
118 179
108 55
177 14
42 96
79 30
43 75
19 39
68 1
129 97
188 49
67 180
103 158
14 129
105 32
165 17
29 39
49 110
26 135
40 27
115 73
165 64
133 6
126 39
138 40
60 59
190 158
1 11
152 27
96 25
85 100
47 66
89 93
22 64
14 164
130 115
92 51
158 7
192 187
43 110
8 123
84 24
31 79
22 150
149 60
164 2
67 13
52 98
109 188
74 116
1 119
195 47
104 56
196 95
80 90
143 193
148 31
75 71
67 153
18 190
121 111
182 146
93 153
9 57
200 73
31 185
164 91
189 173
94 55
131 11
21 115
104 29
63 128
197 35
198 3
185 161
180 62
35 60
89 44
11 192
106 55
63 152
28 30
136 66
172 27
189 26
129 69
44 97
163 81
84 171
71 135
9 54
96 10
17 74
151 125
3 25
162 39
79 71
10 191
62 30
76 102
38 163
99 18
83 115
165 162
81 193
27 199
20 138
14 174
141 111
16 47
189 97
75 174
41 176
161 31
195 56
16 80
14 27
61 19
62 166
128 159
182 62
19 16
152 13
4 181
31 130
13 85
117 74
92 73
67 86
119 39
160 5
100 62
149 133
93 133
73 159
189 83
52 71
31 51
56 34
60 78
142 46
4 139
55 160
61 189
29 25
18 172
105 157
200 147
127 178
44 113
35 192
8 190
135 67
111 122
125 47
136 44
94 52
11 83
45 179
127 84
33 148
130 23
7 52
5 120
142 33
128 157
88 198
66 26
30 124
65 87
52 79
48 34
155 63
83 160
86 126
158 130
21 109
6 114
117 40
137 61
104 163
43 136
195 33
46 187
164 13
175 62
23 11
112 47
168 160
121 2
23 184
22 53
69 142
27 158
125 12
188 126
88 76
77 181
100 48
112 85
198 35
22 105
106 56
5 85
43 2
135 112
145 191
39 178
36 60
23 32
179 70
149 87
149 167
50 29
184 144
35 100
26 72
41 76
88 8
188 65
71 84
87 113
111 48
186 147
45 43
10 83
6 50
193 119
88 87
44 22
112 199
71 74
46 132
73 122
199 154
52 60
22 98
148 193
181 89
200 80
81 145
169 183
155 11
140 42
29 41
46 134
112 172
129 78
81 23
60 72
86 31
7 98
168 62
74 11
137 141
129 123
83 49
189 11
55 76
87 140
143 11
12 162
14 80
53 33
137 85
115 4
61 87
3 61
68 174
95 176
183 194
200 103
183 55
13 65
9 18
92 143
140 57
160 51
93 16
117 17
35 185
21 197
106 39
141 54
57 162
114 34
47 15
39 1
98 88
163 115
197 153
69 126
3 150
14 157
119 60
15 100
83 60
95 2
122 115
21 46
37 163
118 110
137 44
57 50
13 110
59 159
154 81
161 87
130 8
139 141
5 144
112 99
16 29
176 12
69 36
36 176
192 36
61 192
14 159
51 91
199 49
12 189
119 19
30 152
198 87
166 141
132 36
78 59
35 75
14 58
112 79
15 144
192 33
39 71
1 139
3 33
158 16
51 10
189 176
44 81
58 4
81 187
113 190
68 122
82 24
197 2
76 175
61 180
163 90
160 73
107 184
33 22
196 134
100 89
142 170
194 84
197 53
100 159
12 100
196 178
200 60
36 145
101 1
31 60
87 31
78 64
22 51
101 78
148 62
39 32
39 171
144 23
177 53
38 2
28 152
192 113
44 61
58 98
196 43
86 190
85 80
32 77
182 131
2 5
159 33
190 148
166 72
59 117
191 17
61 71
124 7
90 125
42 95
41 39
62 156
183 66
36 66
8 160
62 161
76 95
158 39
137 172
48 118
79 108
77 183
20 11
82 59
88 108
60 135
14 197
130 16
185 167
50 168
34 90
116 50
105 89
63 64
41 8
84 147
177 92
121 161
193 37
114 120
110 73
130 180
148 99
3 106
183 39
70 137
30 196
49 59
111 100
68 172
17 197
15 83
101 77
70 157
46 9
16 26
4 194
175 32
118 87
20 133
70 50
58 74
104 78
178 81
65 117
40 159
51 73
5 168
5 155
27 80
87 79
46 29
52 170
134 82
195 10
44 13
35 193
34 29
9 129
131 126
128 108
24 111
59 48
10 2
46 194
52 130
177 135
68 3
17 122
70 184
26 139
48 115
72 21
28 98
42 107
89 78
7 161
121 80
176 88
4 23
14 16
132 32
40 52
44 27
198 37
183 145
121 11
84 52
150 63
57 100
112 3
167 10
19 66
107 12
47 171
9 37
95 43
112 84
150 164
68 111
20 91
93 163
150 8
61 128
41 104
8 111
55 72
86 171
8 13
90 199
115 29
151 183
43 128
42 170
52 88
123 43
72 196
72 155
185 69
47 181
72 109
185 116
56 190
20 140
153 39
54 41
36 137
145 28
37 110
147 71
34 31
158 86
127 106
43 184
29 103
77 100
56 163
7 128
70 112
118 95
132 78
37 70
37 20
53 67
60 93
156 85
174 46
134 175
131 41
48 136
102 1
122 107
41 52
149 170
23 79
83 61
185 50
70 34
16 74
107 11
98 125
56 58
165 66
20 147
109 53
167 76
133 54
31 10
103 22
13 37
111 2
19 138
57 132
28 32
2 99
46 32
21 141
132 63
106 93
143 145
188 87
87 162
105 104
81 40
133 51
183 84
199 13
139 24
65 196
37 92
134 73
108 61
106 114
164 111
81 172
153 122
144 126
187 37
128 32
57 65
153 53
126 3
86 47
85 94
65 96
43 152
194 132
88 41
67 118
32 10
165 157
45 9
42 137
88 179
107 75
101 31
191 85
184 135
11 138
128 11
141 20
113 2
182 104
85 70
136 19
41 89
1 113
71 174
139 148
65 177
143 82
45 91
95 143
23 163
116 78
46 96
24 138
12 14
114 36
8 132
58 42
28 189
17 34
39 185
75 14
181 156
28 175
140 169
57 1
192 51
2 54
14 97
131 159
95 126
153 142
132 68
69 26
130 171
61 117
142 26
20 176
90 173
66 67
37 140
51 178
53 88
9 135
175 118
45 130
34 157
67 175
171 54
165 30
58 48
75 121
2 29
22 42
160 56
89 56
161 58
186 91
137 133
31 73
59 21
43 180
185 27
140 88
88 188
64 41
28 12
48 182
16 126
183 98
101 143
69 138
98 123
199 60
145 45
115 59
71 149
133 164
20 196
158 42
167 54
91 54
14 176
183 165
194 128
160 150
35 72
110 115
36 154
141 86
69 111
69 16
83 147
132 74
86 183
138 121
170 4
62 196
117 33
93 113
29 121
134 11
159 125
194 116
146 157
180 56
162 7
14 10
54 89
163 60
57 4
193 114
37 154
87 89
158 106
155 9
56 4
67 163
99 15
17 6
148 198
69 186
180 70
189 70
145 107
89 115
136 34
161 72
25 93
8 114
79 189
150 134
129 1
97 134
81 61
96 125
18 2
56 135
65 195
67 89
95 22
57 190
76 3
125 58
32 108
24 6
120 52
130 76
188 26
109 155
198 64
60 179
96 178
171 191
148 88
198 109
58 132
71 60
155 55
150 106
20 72
46 53
14 114
102 159
19 78
11 129
162 9
71 41
111 16
115 54
81 133
164 84
145 20
4 187
26 81
50 82
91 172
190 3
106 1
96 191
136 143
66 71
185 48
66 10
16 171
61 184
58 77
71 148
18 120
76 189
173 141
177 127
17 19
27 106
179 91
41 84
127 33
39 111
6 132
59 166
67 104
25 105
156 46
135 96
178 28
154 39
10 36
74 146
91 123
148 16
109 99
41 109
12 105
90 127
38 78
144 14
81 20
147 78
1 197
173 26
106 12
66 172
163 98
28 143
143 18
153 194
186 72
103 4
96 69
77 9
145 106
60 150
134 100
17 18
135 153
92 63
167 93
101 33
10 151
55 33
154 200
102 64
67 29
199 176
157 86
154 75
145 179
135 70
43 119
43 191
34 33
136 10
67 121
66 131
143 168
147 24
152 6
84 119
23 38
43 183
125 164
106 43
155 189
56 49
138 109
182 163
14 17
84 82
23 177
56 119
111 85
3 65
93 183
135 81
12 132
75 108
109 110
192 34
36 25
71 31
117 144
46 115
13 190
92 55
48 63
184 67
31 97
51 187
165 175
43 145
58 1
64 170
187 23
63 124
75 19
153 165
45 36
94 137
15 113
154 151
84 134
51 182
36 94
112 17
64 190
29 133
11 153
55 177
10 45
121 73
171 13
63 117
20 85
198 48
188 63
112 57
45 4
100 127
90 4
60 195
96 41
92 123
177 47
81 171
62 43
144 1
174 15
90 46
91 62
64 31
114 53
65 152
39 68
54 161
53 93
24 133
29 112
88 4
5 78
14 147
189 140
157 85
66 44
137 22
18 165
195 98
150 29
130 108
170 147
97 199
189 184
44 83
75 58
155 111
135 74
156 80
186 185
110 174
168 49
88 3
116 42
158 82
194 117
10 89
83 29
178 104
107 6
45 161
68 35
79 48
24 42
171 136
26 200
144 95
116 43
60 44
5 52
157 100
130 124
172 63
113 117
11 27
115 75
92 199
98 84
87 148
81 24
162 53
179 85
39 33
51 23
156 161
49 68
78 99
73 2
30 88
79 72
4 171
103 105
81 1
80 15
157 168
84 170
148 39
143 62
97 46
124 196
141 62
126 43
49 173
183 3
178 15
155 32
15 110
17 58
176 183
56 91
186 87
90 162
9 32
143 16
81 190
5 73
94 106
2 173
39 129
77 29
75 3
81 162
89 20
32 5
152 2
2 87
128 66
15 142
142 75
75 146
36 198
49 55
53 125
33 41
154 73
185 5
79 40
52 102
171 78
72 187
17 147
45 13
99 147
89 83
16 2
17 103
18 149
11 80
56 125
34 181
199 7
7 57
72 141
95 197
114 124
104 155
107 7
110 103
157 46
24 21
65 113
126 30
34 144
135 114
23 37
55 75
120 15
152 137
133 152
179 104
67 26
87 174
12 5
8 18
12 130
130 59
183 60
69 182
52 63
18 132
43 37
103 132
10 173
83 143
167 18
30 45
191 25
16 159
117 49
100 129
37 194
6 193
7 58
147 102
78 164
78 87
195 17
134 45
7 129
33 128
99 188
47 193
20 51
192 71
74 190
38 116
80 18
11 47
172 42
50 56
103 92
47 129
100 180
42 165
37 87
191 182
75 69
195 51
60 77
32 96
25 129
83 176
107 61
30 39
76 174
78 52
169 29
33 32
181 14
167 39
21 51
55 54
166 157
26 165
63 11
155 7
159 190
30 87
197 70
38 54
48 53
59 150
198 18
9 8
120 139
76 23
29 195
146 67
5 131
155 29
150 76
100 81
121 171
24 52
129 180
64 143
11 145
142 90
178 21
147 154
72 165
152 19
18 157
122 78
8 85
31 173
83 72
62 33
174 131
185 62
162 43
72 147
86 54
90 18
20 7
35 46
102 46
81 16
58 164
5 118
113 22
129 107
152 97
59 149
122 94
188 195
30 82
40 124
7 26
55 93
9 166
23 74
151 115
117 2
29 95
53 131
158 146
191 61
177 142
102 28
89 30
26 154
56 17
20 62
45 177
34 67
122 101
41 119
36 115
180 39
46 141
124 18
11 151
140 130
7 18
92 11
87 100
127 7
53 8
23 191
131 100
32 25
168 108
108 58
164 75
76 116
2 180
85 104
76 162
78 63
138 161
125 37
106 23
20 158
88 45
63 89
186 78
19 73
35 155
45 123
167 163
194 72
25 2
59 10
132 162
18 197
102 24
181 170
176 29
186 35
72 89
9 104
39 128
163 74
46 109
80 174
40 50
48 143
68 42
52 70
60 73
17 198
90 61
61 164
47 19
156 194
24 10
42 181
28 44
185 179
180 40
119 8
104 162
85 71
46 82
6 39
44 130
55 53
64 92
114 165
86 164
57 110
34 5
194 50
26 99
188 73
51 198
25 173
166 7
64 76
7 130
99 111
32 29
91 197
195 21
111 46
26 51
135 124
166 82
13 195
25 146
13 200
79 162
146 73
9 72
165 21
152 53
87 168
33 132
83 120
115 128
153 136
54 50
188 70
193 84
53 186
97 177
98 104
114 57
94 185
94 173
150 32
96 182
20 102
199 28
139 66
76 163
180 184
49 134
114 138
60 84
13 74
71 140
150 90
88 44
43 169
181 55
80 115
56 198
48 127
133 114
56 52
7 180
161 15
57 126
49 9
88 106
187 79
47 81
14 191
89 149
36 112
153 79
165 139
174 175
62 66
96 60
31 63
82 9
12 22
155 41
31 3
134 15
78 118
51 164
43 159
126 120
65 60
8 43
98 190
61 4
135 167
74 150
88 131
1 175
7 185
150 151
59 134
64 20
70 98
53 39
53 106
139 95
155 58
66 138
83 5
170 12
137 110
92 114
27 24
58 190
161 167
127 51
150 37
199 4
101 188
77 184
141 49
89 13
165 196
48 168
71 152
29 11
184 110
46 94
106 137
166 8
74 93
109 8
78 170
34 104
68 72
158 29
138 12
166 105
55 143
149 42
115 141
23 165
164 102
28 78
184 4
5 195
71 43
120 27
54 92
39 175
172 198
73 191
79 192
12 55
6 105
111 150
152 93
22 11
63 173
28 38
57 56
96 83
51 138
107 152
142 30
122 43
94 47
26 2
9 125
153 19
139 190
77 94
191 178
99 23
55 187
77 3
179 172
77 10
71 126
145 100
90 40
119 79
87 150
97 126
65 146
58 46
1 18
92 120
122 97
190 55
152 46
183 128
158 135
166 78
113 100
10 12
175 16
44 153
106 81
83 32
33 40
94 23
29 165
147 155
22 130
130 128
78 11
87 71
4 145
32 184
82 75
128 198
51 125
54 69
9 69
44 8
145 125
62 103
131 187
187 173
167 32
10 62
149 82
121 156
195 34
26 89
51 4
27 164
118 22
122 38
127 131
8 102
102 3
54 150
23 102
19 170
113 101
128 71
107 63
125 36
145 104
6 32
133 179
68 184
20 165
98 89
143 111
196 159
27 114
96 123
151 67
193 59
144 197
30 138
104 71
172 26
15 163
94 7
87 120
8 54
25 76
169 56
23 111
84 180
103 97
85 120
23 129
47 115
177 101
157 169
11 150
187 193
53 27
35 152
58 191
34 178
192 150
100 188
32 68
112 192
38 160
22 101
9 165
140 7
72 151
40 128
137 118
110 79
44 127
77 84
74 122
175 41
133 89
88 167
73 13
18 64
72 170
83 125
30 17
178 77
115 180
168 6
149 101
45 131
106 147
38 46
54 28
77 159
55 131
64 130
125 65
159 89
149 33
91 176
19 144
164 95
138 177
35 79
99 135
60 51
196 70
62 58
17 125
119 91
9 36
3 157
98 139
51 151
160 189
50 94
95 130
47 175
112 125
75 132
153 24
195 43
99 192
95 107
5 90
65 166
24 161
105 43
143 84
106 136
5 116
109 25
146 12
85 47
106 152
41 37
165 15
188 168
21 105
124 57
37 133
188 77
33 1
146 132
132 156
77 104
78 42
14 39
18 37
184 170
76 182
125 167
116 52
13 68
78 12
142 18
181 67
124 37
110 97
186 22
2 30
38 147
33 140
2 58
166 180
142 97
34 160
177 86
93 24
53 179
64 101
5 183
58 172
7 198
9 200
76 80
99 150
161 83
144 53
126 110
83 134
177 6
88 23
21 114
126 22
6 51
55 118
165 188
47 144
137 78
160 9
84 3
159 151
59 170
31 118
52 44
44 7
112 1
36 158
39 186
21 132
42 99
136 65
56 174
114 146
111 21
44 171
71 193
37 111
51 103
56 176
42 82
118 167
24 148
80 95
118 129
79 143
10 34
154 50
35 133
35 97
157 24
