300 250
11 50
116 114
16 299
101 53
294 127
139 252
11 19
1 87
103 68
219 47
141 168
202 82
48 221
38 279
20 222
240 82
199 4
146 47
286 58
27 6
265 51
238 112
14 44
122 119
158 134
285 100
127 69
101 203
141 289
49 183
53 149
90 36
106 264
284 88
59 300
55 295
82 75
171 6
68 183
66 105
49 299
24 4
82 288
17 218
104 269
37 298
35 44
227 55
193 99
122 176
178 113
276 22
208 28
261 133
13 176
112 237
42 46
241 29
114 30
292 41
80 69
73 170
110 247
128 127
168 45
128 114
139 14
143 154
73 134
85 181
2 10
157 24
104 40
141 298
172 119
53 61
59 225
213 46
13 83
169 48
140 45
201 93
1 78
158 49
146 39
113 114
3 122
48 41
27 275
127 244
74 146
78 195
164 42
23 166
61 51
271 24
283 108
95 79
107 38
294 56
114 241
51 20
131 83
222 103
226 39
57 221
261 31
265 120
114 80
107 48
32 34
107 132
219 24
26 190
25 126
30 153
53 27
14 70
259 25
117 67
54 221
57 181
80 158
161 73
215 75
124 178
74 124
169 50
94 207
70 47
31 107
202 74
60 281
102 57
151 4
101 284
8 155
94 259
84 46
259 14
61 224
286 99
111 196
98 142
24 257
213 105
114 76
75 119
297 81
138 178
58 266
79 40
59 122
87 122
190 43
164 67
82 178
300 112
54 9
126 63
238 48
66 197
286 4
42 290
109 256
224 139
173 17
207 59
121 148
88 2
89 83
170 14
283 66
134 46
26 161
13 228
144 260
108 233
140 23
255 68
50 103
12 7
175 142
240 52
60 266
186 37
132 88
100 8
1 186
92 183
5 234
78 31
107 135
58 59
81 187
5 78
79 27
82 170
282 45
2 182
96 230
83 154
48 292
10 84
40 114
99 202
40 277
72 211
114 149
93 208
136 279
88 67
70 191
78 176
45 39
246 36
34 220
24 240
194 45
196 3
44 157
99 182
242 7
26 193
147 62
148 84
136 210
245 22
109 40
138 153
296 64
83 28
33 87
231 136
126 288
63 238
84 102
141 116
72 54
70 222
157 85
180 141
227 95
29 216
124 29
122 47
62 163
26 191
41 216
179 24
