100 500
14 89
75 27
79 94
62 68
22 46
96 63
80 69
92 3
61 71
42 31
19 9
23 3
57 84
10 61
98 34
16 29
82 26
66 58
1 27
79 93
56 76
40 15
77 49
91 4
7 44
73 24
11 29
10 44
52 40
83 52
46 36
26 85
76 29
86 57
2 78
38 88
26 72
49 78
44 49
36 81
32 44
98 61
82 59
5 59
98 96
61 27
28 8
16 32
27 11
81 92
17 26
92 36
49 22
2 85
55 93
97 12
64 79
88 8
44 16
90 87
67 79
51 96
21 20
11 72
74 96
34 66
83 31
14 35
85 25
6 77
99 10
92 78
1 21
58 45
42 95
74 10
77 71
8 78
78 9
24 42
38 46
44 79
21 89
45 8
62 8
26 64
40 28
8 89
28 16
30 41
50 66
98 26
52 22
45 20
87 21
58 38
87 38
72 53
83 16
56 63
40 5
31 38
88 9
89 47
31 34
79 100
86 36
39 49
47 28
10 20
80 55
39 73
12 75
20 100
98 6
47 14
69 38
72 43
53 60
32 9
88 69
9 99
26 32
45 53
14 5
83 19
19 6
62 13
42 13
95 81
46 65
92 20
33 95
55 57
96 33
44 99
16 56
38 7
89 10
81 64
60 32
73 20
2 5
38 64
37 34
62 10
12 40
4 94
91 96
48 13
35 18
81 58
41 49
52 49
9 84
70 39
13 31
21 42
95 59
52 32
70 93
12 54
99 2
15 96
4 11
59 42
20 93
11 88
95 56
64 97
9 73
45 17
44 77
7 96
30 4
92 89
39 23
16 38
100 93
57 63
38 83
72 64
22 7
29 100
61 1
76 91
85 47
58 100
53 87
54 21
90 88
32 14
92 35
77 54
46 61
70 90
75 9
12 69
28 12
7 8
36 93
22 5
85 51
13 39
67 47
75 15
73 49
93 6
40 100
81 46
31 6
12 49
90 2
33 42
69 37
16 49
79 59
90 53
63 45
43 79
71 26
93 60
100 78
77 81
22 83
36 74
33 38
73 50
79 92
76 60
16 12
63 48
21 66
63 74
97 17
29 3
14 85
10 11
67 88
20 94
10 15
45 92
24 87
29 22
12 51
8 67
55 84
89 45
19 99
27 69
53 19
27 22
87 95
76 84
93 96
93 88
27 42
70 24
89 33
13 87
7 87
48 64
14 94
46 51
94 51
32 36
50 92
2 51
17 55
54 82
91 3
47 62
69 97
46 54
15 59
5 93
90 15
22 97
45 83
83 42
11 99
17 49
6 78
83 12
77 21
54 37
7 1
55 5
97 13
57 19
13 43
69 49
11 73
100 76
84 14
19 44
79 51
78 35
79 9
31 22
100 62
90 81
86 44
40 71
7 43
26 97
15 55
15 47
18 89
55 33
97 1
85 49
78 61
88 1
69 93
25 100
43 85
43 27
91 57
31 27
97 77
43 71
18 59
38 65
88 63
9 55
91 68
20 65
4 33
51 57
6 7
89 23
89 90
8 81
89 93
7 25
76 48
56 81
59 19
55 64
40 98
77 45
19 76
59 47
13 94
75 30
90 59
15 80
96 81
54 62
13 17
44 87
11 42
79 1
18 3
21 8
96 90
46 92
47 100
73 70
80 92
5 21
29 35
64 11
81 61
31 100
79 5
30 90
37 19
8 42
66 99
85 21
76 28
41 63
14 79
67 11
93 64
66 49
74 29
94 71
27 87
54 58
50 87
77 82
30 34
99 4
77 85
56 87
15 24
96 64
69 72
63 30
54 14
57 42
69 21
78 58
55 47
88 6
56 1
53 68
5 86
97 27
59 29
44 43
27 39
51 68
73 71
94 70
9 2
99 77
47 32
30 20
44 41
6 69
98 38
82 6
35 83
100 46
36 80
27 90
59 84
21 95
2 93
83 26
25 77
65 74
21 22
80 61
3 11
94 26
47 58
13 27
75 40
43 63
20 90
75 68
60 74
65 19
22 61
9 60
58 9
92 72
52 26
78 91
60 48
40 62
51 9
45 40
80 11
27 46
76 23
79 83
94 46
67 94
96 1
29 8
16 62
81 22
30 77
68 95
11 22
5 15
67 20
30 58
13 81
49 23
98 17
13 59
2 25
13 7
44 2
96 48
75 82
50 15
54 50
62 31
29 83
89 6
31 76
61 45
58 12
25 27
44 5
51 60
87 85
39 25
68 26
31 77
65 75
7 100
36 98
73 12
71 35
100 71
73 46
62 74
77 1
93 43
59 89
52 31
