1000 250
188 34
605 2
1 206
820 19
97 24
1 745
232 33
561 24
7 885
23 54
17 906
299 21
617 2
1 892
7 561
615 32
711 22
31 886
628 23
170 33
177 7
23 403
5 418
11 222
23 221
400 27
25 233
769 25
59 17
21 809
15 245
30 388
283 27
9 326
809 30
21 220
29 136
20 496
924 25
13 335
28 203
5 95
610 2
689 32
465 3
6 394
414 6
411 30
774 17
33 977
31 469
8 596
879 30
470 29
7 387
329 27
30 605
8 586
313 31
15 693
848 19
469 6
390 16
27 158
7 676
8 346
21 772
96 24
5 777
299 29
320 34
1 28
636 16
670 21
927 31
122 31
618 12
9 601
4 628
565 10
945 23
27 594
23 72
190 22
3 963
506 29
251 33
21 466
22 199
13 547
970 1
562 3
19 850
27 463
829 24
198 20
11 733
194 32
520 18
901 3
2 738
23 902
11 69
599 2
861 2
26 525
20 77
15 240
213 9
224 16
29 752
659 32
148 5
304 29
24 782
25 4
10 986
11 767
25 912
5 395
234 5
834 29
758 16
25 891
302 15
727 31
27 8
15 167
31 253
895 13
28 913
149 12
911 6
368 18
555 23
155 26
527 4
7 358
858 11
811 26
638 10
15 365
22 590
667 14
13 892
874 22
26 125
26 984
344 8
15 846
302 9
584 16
431 8
163 12
18 774
28 866
668 9
944 16
842 13
10 313
507 12
21 887
24 59
9 847
10 661
882 10
494 18
495 5
28 317
19 986
283 15
16 197
6 349
13 812
4 593
1 812
24 796
997 26
388 13
6 546
24 229
32 278
544 20
18 785
903 15
80 17
14 420
1 82
11 600
745 32
3 679
130 30
24 791
876 24
5 626
191 34
11 446
17 394
264 23
34 386
222 2
72 21
1 969
418 10
329 24
804 2
460 10
31 324
142 34
27 592
3 511
236 1
269 25
852 1
159 10
1 641
832 33
643 1
125 7
511 7
1 698
664 11
988 18
24 519
25 34
146 26
497 5
30 871
927 11
802 4
742 11
564 31
58 10
578 1
6 993
282 12
46 31
24 559
932 21
999 32
26 297
666 11
872 9
11 895
679 16
664 17
9 107
14 177
648 22
24 164
