100 550
29 32
48 94
22 25
48 100
66 27
4 33
61 72
26 84
71 43
94 96
36 16
18 44
85 3
58 15
62 80
52 18
60 2
20 90
31 33
73 50
48 28
76 46
64 37
59 50
67 78
40 19
36 55
76 28
73 7
80 98
100 29
18 93
16 48
56 30
45 53
51 4
68 57
83 65
47 25
46 82
96 33
75 69
30 58
12 9
71 70
91 94
84 75
40 48
78 58
85 72
29 39
35 13
3 83
89 33
53 41
15 9
56 78
73 43
41 50
17 23
4 55
90 16
86 56
75 43
66 21
46 48
10 29
29 76
89 23
56 33
40 50
26 43
2 71
23 53
39 91
17 14
17 37
34 89
61 87
32 14
6 68
57 2
92 61
43 35
6 62
59 54
50 7
76 45
76 31
28 50
83 49
25 79
8 78
82 49
45 99
22 61
54 73
64 40
27 19
15 50
53 49
4 82
32 59
76 71
98 63
9 85
96 95
56 69
71 37
90 70
18 1
85 69
99 3
49 31
74 46
17 15
81 14
61 94
28 81
52 56
17 71
37 8
43 28
10 51
66 11
8 9
23 22
79 77
17 12
8 70
96 90
58 93
27 56
50 45
75 82
92 86
25 84
51 63
35 75
53 87
98 67
5 84
18 76
63 67
41 32
74 88
46 62
37 26
30 96
64 98
3 79
5 68
63 35
18 28
28 70
61 83
59 43
84 22
63 75
99 49
99 72
33 72
84 20
69 49
28 63
13 14
52 23
15 70
59 99
48 2
96 79
55 98
61 76
88 81
31 66
1 17
88 38
86 62
61 6
30 51
40 85
45 19
80 16
32 17
58 14
92 73
16 45
89 87
31 52
39 100
72 11
76 54
37 88
28 21
86 11
53 67
89 65
20 19
95 23
33 41
78 52
60 31
1 63
12 5
89 83
10 19
42 67
100 71
43 1
63 4
10 47
94 59
88 91
17 40
29 35
53 18
94 78
70 52
97 24
85 51
59 28
54 46
87 92
2 66
72 47
20 69
8 86
19 57
84 88
99 53
69 96
50 65
9 90
58 74
54 30
73 13
49 84
7 72
78 49
99 82
33 48
38 44
62 1
20 7
61 79
33 36
56 71
13 49
56 19
1 33
32 50
51 34
34 41
40 15
98 35
65 53
19 5
23 32
75 19
79 42
69 17
49 59
23 81
62 71
92 56
29 92
99 91
87 46
73 60
27 94
62 30
11 53
86 25
47 9
32 3
49 47
91 73
86 44
64 34
74 92
6 64
43 27
49 68
78 30
10 36
77 1
76 17
59 64
26 22
10 60
33 46
17 75
39 53
52 48
2 24
88 86
27 9
85 49
23 55
23 65
11 47
56 11
62 75
80 58
95 56
23 20
12 50
33 54
59 2
86 91
97 72
36 59
43 47
97 59
56 85
25 75
97 61
7 14
54 31
85 70
75 3
15 30
71 63
55 38
66 65
33 35
83 85
18 29
29 69
45 97
8 75
93 64
93 89
38 100
87 33
48 9
21 68
41 45
70 100
88 14
18 31
80 1
5 88
60 23
2 41
42 85
77 60
32 34
54 22
97 92
24 79
3 74
85 10
74 90
84 2
14 98
20 11
25 36
34 24
5 70
96 44
11 39
35 9
64 18
96 22
15 14
31 25
51 57
37 41
24 72
6 69
47 1
72 98
37 56
51 8
59 91
2 30
14 63
22 99
93 74
77 37
39 62
29 70
91 97
49 35
32 83
66 1
80 100
61 8
80 73
33 69
51 44
21 73
20 58
46 34
14 49
13 41
32 19
7 16
89 72
67 55
74 44
67 99
27 70
33 28
56 59
12 24
83 82
7 6
93 72
42 30
80 79
84 69
88 80
56 42
82 89
31 3
98 78
87 29
97 26
83 16
7 4
100 10
65 24
38 4
17 80
35 51
18 45
12 90
76 6
23 85
35 89
33 70
26 98
24 30
1 42
58 56
79 27
42 35
42 50
26 28
58 62
64 71
90 61
35 26
85 53
16 75
62 64
31 86
96 17
33 53
47 96
15 49
68 47
54 89
72 14
25 95
1 24
8 84
74 69
25 78
13 12
13 22
85 68
59 9
86 29
78 45
80 14
47 82
70 6
4 21
22 39
38 8
86 27
25 82
12 32
86 80
56 62
52 50
22 50
44 4
92 16
35 71
89 66
27 49
62 55
12 33
56 15
59 51
71 57
87 82
37 7
11 28
31 100
71 46
50 10
18 25
31 93
77 15
88 33
28 45
81 45
38 24
91 87
99 78
11 30
86 59
42 22
83 34
95 15
52 64
47 65
57 53
5 90
95 17
70 22
36 42
94 100
56 13
74 56
49 22
54 43
26 55
63 62
45 59
61 1
89 62
4 59
47 15
18 41
68 53
8 10
33 11
67 85
6 74
44 95
9 65
39 4
83 45
10 54
65 96
21 58
57 59
84 78
60 39
2 31
39 85
19 13
98 92
59 39
