1000 150
10 688
472 6
335 1
10 257
253 1
30 189
21 722
11 23
1 803
17 579
32 71
8 480
19 895
462 13
13 243
30 123
929 8
865 1
122 33
31 936
86 9
770 18
27 92
42 22
32 96
11 5
31 674
2 997
478 21
26 187
835 6
3 990
9 274
54 11
12 138
983 26
796 32
1 860
697 8
581 9
32 782
31 119
15 301
27 998
794 32
660 22
27 449
11 168
16 381
668 29
24 584
332 22
282 5
318 5
9 919
614 11
80 20
873 22
6 965
29 942
28 152
5 319
383 23
710 7
25 972
218 13
35 8
395 22
110 27
209 21
10 252
24 46
598 3
656 28
9 1
9 727
998 17
484 2
31 538
17 786
28 740
552 32
23 28
174 30
884 2
28 50
710 29
21 310
22 965
4 610
33 332
10 862
397 19
22 749
90 14
535 21
14 566
26 474
23 554
1 14
686 12
11 336
707 32
922 10
19 523
3 239
18 499
6 381
26 605
324 9
30 768
8 893
10 508
24 231
134 28
929 30
16 219
18 634
522 32
20 719
706 6
26 889
674 21
19 873
15 316
328 27
794 7
286 34
17 553
931 31
537 23
734 9
23 357
12 842
28 690
674 19
610 7
15 427
58 28
148 13
14 43
17 617
10 634
2 834
272 15
941 19
2 992
9 687
31 864
26 915
