1000 250
18 87
186 8
2 439
3 514
2 222
24 790
10 238
27 15
3 246
23 174
204 17
443 1
963 14
406 31
40 28
32 417
988 25
167 6
212 22
43 1
10 701
901 12
20 300
13 833
432 29
546 14
932 19
2 375
32 53
143 13
8 795
34 5
13 983
417 3
436 8
23 604
21 123
620 13
21 611
85 2
80 15
28 93
4 563
30 522
763 32
31 180
2 628
300 25
475 16
2 221
148 5
281 19
15 718
802 1
190 24
13 16
560 2
8 978
18 939
820 21
675 1
166 20
47 5
2 925
612 13
33 951
2 840
101 30
110 28
32 142
367 31
34 57
726 6
257 17
549 1
707 8
550 1
297 14
543 15
103 3
19 20
496 29
924 25
350 29
30 184
10 93
40 27
150 9
3 384
400 31
373 1
23 667
27 372
16 954
24 876
17 428
971 33
47 24
297 20
26 421
20 51
132 30
498 30
857 11
15 940
754 18
977 32
3 731
27 353
413 5
2 277
582 1
34 436
551 27
7 447
3 876
726 9
572 11
16 325
382 14
703 3
7 752
856 29
965 27
679 23
430 1
581 16
171 12
25 805
746 28
5 229
21 641
32 12
4 706
3 16
862 25
154 15
23 971
813 32
471 21
700 33
8 867
23 909
778 11
30 692
43 33
15 359
257 21
28 575
26 732
5 919
29 625
9 636
383 28
9 710
642 26
996 22
61 18
21 256
811 5
8 381
831 32
11 129
74 30
3 318
33 449
25 764
20 669
10 959
21 103
47 11
594 6
28 146
527 9
219 1
13 474
10 729
12 151
24 705
31 692
45 11
22 674
2 76
383 10
28 610
12 877
749 22
870 16
639 8
289 25
5 806
5 532
1 703
771 17
1 127
3 943
10 739
6 441
1 296
140 30
11 143
804 28
940 20
8 913
77 3
5 706
14 205
8 102
11 948
158 29
647 19
364 23
557 33
715 13
3 829
575 1
780 1
11 880
358 26
261 1
15 116
28 74
239 30
7 132
26 727
29 509
118 14
545 1
461 2
739 28
25 195
9 134
510 24
916 28
520 24
16 815
1 892
210 9
386 2
19 69
728 5
432 10
502 27
23 811
22 175
793 27
994 2
2 669
5 417
5 737
