1000 9999
710 31
402 19
686 16
238 5
348 28
198 21
256 22
30 509
396 3
14 731
6 385
21 987
137 16
147 23
12 324
29 78
218 32
29 172
5 787
101 30
511 6
298 10
310 6
817 24
13 523
6 587
363 23
14 944
8 837
307 20
751 25
55 16
267 30
305 1
183 25
27 499
787 25
925 15
4 420
2 438
621 14
21 24
3 118
119 11
490 1
6 133
103 25
671 6
16 980
859 25
14 77
484 18
7 547
20 882
27 802
39 18
9 546
931 12
23 753
162 14
929 33
671 7
21 583
255 22
220 29
558 23
20 149
428 32
15 399
14 395
1 282
280 19
643 23
3 167
32 632
21 400
31 988
535 27
34 57
49 29
2 672
16 296
141 20
10 251
473 9
29 987
17 324
16 859
579 25
697 15
32 866
831 27
494 28
14 148
699 8
8 297
353 27
31 776
607 7
10 317
33 862
596 15
37 24
22 491
716 14
907 15
4 993
294 30
143 17
576 33
564 8
28 179
34 314
6 739
13 628
11 27
481 3
617 5
11 781
19 376
8 988
997 13
27 886
31 671
12 7
5 288
630 32
165 13
145 16
71 26
879 27
15 730
26 470
23 836
1 722
616 33
42 32
933 2
32 74
640 11
9 555
584 8
415 3
16 416
981 15
244 25
765 18
23 490
309 23
21 563
470 32
805 3
698 33
29 41
901 20
31 616
666 26
299 18
22 599
740 22
13 269
29 63
76 22
155 33
361 15
15 68
226 14
510 20
11 512
475 29
707 25
3 673
4 165
631 9
613 23
894 19
12 184
21 598
27 420
13 615
12 117
23 139
617 17
715 28
137 32
284 3
24 973
593 30
20 216
29 240
564 26
2 916
122 29
978 17
901 32
785 9
88 32
4 123
26 171
496 32
16 377
724 15
33 248
7 443
5 303
877 31
475 25
259 11
645 12
104 1
32 393
11 292
22 691
27 612
437 24
689 32
30 115
1 924
523 20
28 331
440 30
707 18
280 9
585 33
33 72
26 48
156 3
24 582
16 462
736 10
19 230
95 31
728 1
518 4
1 832
295 21
26 917
349 8
201 16
244 10
33 665
132 24
27 393
679 9
16 740
971 23
885 26
34 591
477 12
11 448
726 22
406 21
8 538
734 6
628 20
7 75
536 20
7 381
173 11
715 18
171 19
26 901
920 26
25 409
529 15
726 26
14 264
6 745
25 254
11 883
21 88
16 725
16 411
30 6
7 521
32 526
693 32
639 6
819 16
477 33
128 24
158 7
14 140
3 441
311 16
85 18
735 27
31 93
13 741
536 5
2 305
31 195
32 865
15 753
33 278
715 4
220 32
1 456
349 20
677 22
147 33
760 19
967 15
10 705
983 29
17 883
361 2
915 32
89 17
631 8
155 4
404 8
1 576
479 19
25 12
743 31
136 24
955 15
15 174
889 24
203 27
817 18
116 23
30 236
25 663
189 13
6 238
235 5
704 17
748 3
152 4
362 24
25 270
14 435
356 28
315 19
657 34
852 18
738 8
28 223
595 27
1 308
236 16
605 19
8 262
34 235
132 1
26 226
596 11
2 347
19 430
710 22
34 463
383 34
20 943
14 799
9 363
652 26
33 279
9 801
32 562
30 363
17 904
30 949
26 20
257 17
363 2
170 16
16 800
23 542
24 969
804 32
29 821
28 162
685 31
6 242
697 33
24 753
34 360
580 4
739 1
730 17
27 401
940 4
445 1
26 862
11 159
567 14
955 4
471 1
16 917
925 14
56 28
545 32
455 14
658 24
11 294
210 21
197 1
214 22
23 564
400 1
16 392
23 769
32 750
3 666
12 467
21 949
422 25
174 21
31 63
811 14
26 625
587 7
997 9
33 56
21 804
712 27
10 209
122 22
143 9
22 799
145 13
30 907
973 15
119 17
658 14
18 542
2 533
526 24
4 870
671 4
26 710
11 64
898 16
285 9
837 20
15 658
638 6
510 33
473 25
7 778
12 715
184 1
27 260
23 128
801 23
370 13
13 404
22 429
35 2
910 26
446 28
13 37
27 1000
13 750
745 34
13 535
895 6
22 383
392 6
30 757
389 11
736 11
438 24
32 964
27 800
27 794
22 342
22 861
172 12
453 20
530 34
24 801
2 206
179 5
65 21
916 19
8 161
645 1
21 341
18 944
5 33
113 15
10 876
34 588
17 797
1 469
113 13
5 637
115 14
8 949
11 686
14 657
11 3
546 4
7 662
188 1
17 393
13 212
24 7
545 22
11 587
10 819
585 11
33 609
785 22
205 32
641 1
386 26
668 21
32 774
837 15
13 519
324 5
846 3
15 735
19 398
787 24
11 163
8 758
33 213
977 26
458 15
16 591
436 24
217 13
24 968
27 486
7 602
23 25
31 843
21 776
17 400
185 5
11 983
570 10
31 17
34 32
16 139
5 354
308 8
823 5
489 20
27 528
614 24
627 23
6 591
10 208
7 163
7 374
6 927
659 3
22 725
938 2
466 8
784 28
568 11
26 587
27 645
94 26
31 332
122 15
868 10
21 794
15 450
11 68
442 11
9 777
789 14
21 424
23 688
953 10
771 4
324 21
27 905
560 11
25 148
145 14
300 34
4 834
8 285
757 9
33 815
274 6
40 25
178 2
797 18
31 441
34 886
11 109
313 14
5 943
295 5
33 293
400 10
429 5
30 160
977 31
370 10
14 55
20 682
18 205
16 293
6 621
26 126
711 11
29 784
749 17
217 10
869 33
26 188
19 592
960 4
26 572
817 14
875 17
944 10
232 18
620 6
265 17
22 199
983 20
1 31
29 999
653 20
721 15
19 234
14 331
957 11
20 178
770 23
20 909
16 852
16 343
252 20
700 23
238 20
145 6
783 14
466 20
31 407
611 4
20 678
479 16
18 346
379 2
143 23
32 424
860 7
11 969
477 30
791 22
9 230
26 630
954 16
17 895
21 270
4 476
23 118
32 420
19 50
368 14
475 12
359 20
775 7
10 972
24 721
575 1
209 8
17 822
612 19
600 20
315 26
647 19
18 838
830 34
7 291
1 600
320 9
884 1
401 31
910 12
798 9
908 25
647 2
193 16
42 4
17 935
969 6
7 899
4 466
307 18
12 640
237 3
173 19
29 55
146 20
453 32
515 15
642 24
16 301
299 10
26 584
600 11
166 23
3 355
532 18
21 42
3 644
4 905
995 5
7 169
251 17
17 816
268 31
968 13
14 231
384 30
193 19
871 2
34 167
1 961
10 492
8 969
27 470
281 27
32 409
839 21
1 187
9 578
521 9
373 17
8 281
33 139
31 793
506 13
359 4
711 16
409 14
140 34
557 10
93 11
511 25
19 830
26 28
484 24
7 555
250 18
27 721
329 25
775 31
820 5
10 879
31 345
458 17
16 500
221 1
9 199
20 50
885 34
22 81
102 9
20 247
586 15
133 21
300 17
10 997
969 4
571 8
20 299
32 215
5 412
842 2
3 27
25 973
840 3
3 951
31 740
1000 18
11 190
31 491
697 9
24 294
816 18
638 4
5 723
366 32
777 28
13 162
132 26
735 32
910 27
654 6
418 30
24 70
851 30
218 29
874 14
22 425
117 25
29 82
332 9
25 776
12 906
291 28
317 15
310 13
17 637
106 22
234 5
6 256
9 44
373 19
223 10
27 743
26 371
2 352
334 6
24 497
723 8
19 12
2 552
31 893
46 22
2 992
5 502
167 28
15 619
807 11
27 527
1 363
3 498
12 700
14 379
14 504
7 653
3 847
316 33
525 7
10 398
527 3
288 14
8 890
3 572
65 25
3 529
362 18
5 162
476 13
13 47
28 855
31 840
577 19
626 17
27 376
825 30
300 13
306 4
2 298
35 201
364 22
485 6
33 516
813 32
31 813
195 33
457 14
266 18
22 424
25 261
8 105
25 931
950 29
981 26
29 540
30 194
18 746
278 18
723 20
210 27
991 1
916 6
8 359
11 798
94 29
32 544
596 8
25 844
28 517
436 29
580 15
744 26
16 727
50 24
393 13
339 27
9 559
29 730
4 284
865 14
514 11
12 566
687 28
337 32
34 971
11 948
33 105
31 472
10 544
534 33
759 4
137 20
21 936
59 4
25 736
229 9
559 4
767 25
13 178
730 5
168 27
15 954
31 802
368 6
774 24
872 33
865 20
30 897
29 128
858 3
27 734
11 357
6 499
807 34
134 28
114 24
269 8
798 7
15 303
27 913
710 15
334 11
22 649
6 902
640 13
708 21
378 3
665 25
18 399
959 28
24 227
29 986
10 536
114 3
10 619
33 773
12 978
243 7
292 12
11 34
327 24
738 24
22 762
31 349
745 13
975 11
435 13
40 23
31 340
678 19
636 3
15 452
737 20
492 1
776 3
2 815
31 8
847 9
767 31
755 3
344 11
939 22
283 4
448 13
603 2
760 30
64 12
550 6
22 24
2 951
26 725
107 31
20 436
711 25
984 26
891 4
978 10
400 20
5 873
752 8
744 1
19 726
626 21
323 34
332 17
2 622
28 279
15 630
24 301
207 22
729 26
46 33
32 326
89 7
32 893
35 384
75 15
2 885
32 24
74 4
29 168
28 936
992 13
59 9
30 886
9 480
936 5
9 321
15 365
786 16
5 944
174 22
11 366
15 299
486 21
620 30
685 2
32 183
718 18
11 631
1 297
10 612
3 889
481 6
32 356
33 286
31 763
29 409
14 94
30 515
273 31
899 11
16 808
8 490
926 6
723 27
624 22
14 392
189 25
667 28
15 188
10 584
28 423
51 28
3 276
14 903
20 578
590 29
422 13
22 331
14 864
913 17
214 3
31 276
9 844
33 489
2 395
33 967
5 335
25 420
22 362
459 19
996 14
25 668
597 7
20 679
17 572
24 433
19 936
101 11
484 9
21 826
4 112
29 610
157 33
17 644
11 225
246 28
33 346
434 31
23 349
27 128
573 1
834 19
13 948
450 3
19 530
25 983
7 579
28 821
469 6
11 132
16 359
386 14
591 22
838 15
29 260
25 275
514 3
32 570
35 330
695 5
56 18
26 637
362 15
16 361
126 28
9 585
23 318
389 31
552 1
477 11
73 11
15 134
750 11
710 29
5 688
19 939
423 4
9 491
278 15
21 456
33 360
1 303
804 29
525 26
944 28
31 875
11 413
707 34
4 782
8 521
34 444
287 5
3 564
357 21
125 19
1 72
292 1
14 648
359 15
629 1
2 171
91 24
29 886
129 8
127 24
474 17
7 202
535 2
1 581
18 946
32 721
33 927
28 690
2 800
15 236
33 701
5 651
36 29
449 27
382 10
6 814
302 5
912 5
18 145
635 18
764 28
25 107
771 31
242 23
1 842
529 20
726 20
5 274
541 29
34 783
428 11
894 30
980 14
1 333
421 11
10 375
30 203
2 972
511 2
650 18
291 15
17 317
424 14
24 781
7 56
590 17
921 1
938 8
495 33
357 30
19 187
572 9
11 924
13 817
601 2
6 395
1 226
25 547
33 974
252 12
32 351
432 20
342 14
3 754
11 816
27 791
5 22
383 27
406 28
121 13
20 518
8 855
74 31
34 210
165 18
17 32
955 9
578 31
7 363
24 595
26 823
3 296
18 784
715 22
95 13
6 51
277 33
966 14
158 1
5 167
21 280
21 290
69 12
22 136
534 24
368 32
24 539
988 10
11 338
10 696
8 705
17 515
871 26
800 18
34 326
16 972
25 784
421 13
22 413
240 20
148 9
11 947
15 600
15 971
569 28
274 32
928 14
27 692
533 19
891 23
804 16
26 107
884 33
27 241
639 27
827 10
437 33
584 12
600 27
1 831
383 25
19 440
638 10
10 144
12 973
975 12
758 1
9 571
266 19
271 7
51 4
9 583
835 7
554 12
22 405
9 561
347 26
8 660
841 9
336 6
466 14
21 819
21 469
729 4
19 227
582 21
722 8
578 32
15 800
979 27
361 22
4 289
184 8
5 433
14 173
276 25
728 23
4 586
681 6
810 8
455 16
23 155
154 28
30 854
22 396
12 751
558 27
16 916
930 25
721 23
774 34
521 13
19 901
606 11
57 15
18 628
30 772
27 523
33 852
34 385
125 35
334 2
2 824
851 10
26 136
110 21
8 957
33 202
18 124
20 672
10 808
600 34
1 588
98 13
4 444
419 16
20 880
12 946
700 3
24 498
7 414
879 6
31 904
360 22
21 544
10 197
24 875
769 29
183 18
74 30
17 155
3 471
458 33
441 12
24 525
143 2
7 692
822 11
239 29
9 235
446 8
33 537
969 2
24 878
208 29
201 30
25 974
583 8
544 24
27 778
20 94
646 6
446 21
253 23
60 23
11 80
469 23
13 955
1 91
312 22
261 2
881 10
223 22
2 306
6 558
10 645
655 31
728 15
521 21
23 729
434 14
4 370
463 25
760 28
33 639
10 587
16 173
549 19
21 883
142 20
3 504
16 149
567 34
30 218
539 15
30 584
31 5
33 221
13 450
569 33
132 25
741 3
395 4
316 18
17 627
28 990
600 3
32 739
29 796
8 392
194 33
30 257
18 595
867 4
13 920
6 690
542 6
365 10
585 19
27 972
35 524
781 34
833 15
21 62
275 31
10 650
7 832
755 17
18 966
921 7
801 32
23 554
32 168
20 4
632 12
597 27
710 16
17 510
22 274
840 23
156 17
966 28
685 8
317 1
799 35
2 749
955 6
16 421
27 100
31 79
27 943
892 28
929 14
6 127
265 34
29 881
22 184
31 26
17 482
721 5
692 11
34 865
506 1
23 98
18 658
540 6
111 16
508 10
7 751
11 832
9 385
473 13
288 19
709 9
462 20
206 8
705 34
30 213
75 21
16 764
18 431
32 444
699 30
27 518
23 507
33 615
14 68
55 9
11 567
2 555
30 152
11 722
9 219
8 981
32 836
15 279
8 997
17 563
4 873
684 5
657 23
26 476
34 862
194 10
19 91
10 647
2 165
642 14
903 28
188 20
21 785
15 465
1 15
162 32
401 18
770 25
197 29
907 11
35 66
325 9
956 30
69 29
192 32
186 15
12 624
24 6
72 14
32 653
548 19
31 444
900 4
13 234
2 564
11 472
12 106
947 1
26 801
9 886
27 985
678 15
42 7
986 15
31 28
34 671
125 22
932 35
17 855
22 303
9 635
16 485
623 19
678 25
279 34
7 754
104 11
27 91
978 32
922 1
80 26
16 536
277 24
131 30
483 8
30 429
31 973
411 27
13 590
507 25
909 9
441 8
33 934
3 146
441 2
411 31
7 101
247 5
17 151
351 2
841 21
455 12
22 706
33 23
14 697
32 344
557 2
3 742
25 836
19 902
694 20
12 966
965 27
157 28
24 314
18 724
71 9
15 651
688 34
298 35
25 162
446 27
589 33
422 30
403 26
509 35
23 131
15 364
15 228
12 901
18 369
18 40
249 24
23 378
30 906
12 647
301 15
17 409
14 514
977 34
110 31
362 33
6 685
482 26
740 32
2 285
171 13
25 575
120 1
722 29
12 768
251 1
16 48
3 117
14 555
17 497
13 426
803 27
17 255
939 27
175 22
17 398
15 483
702 17
975 19
727 8
6 364
7 156
349 35
822 18
1 304
2 132
17 541
33 173
409 31
756 34
669 1
394 28
852 11
31 650
14 902
24 453
945 13
2 498
387 9
32 385
3 8
922 4
4 46
32 359
12 661
54 29
84 16
581 27
654 25
28 935
5 221
232 24
597 1
814 33
1 555
18 289
909 25
433 4
411 12
17 126
795 4
35 498
1000 19
34 976
33 762
751 5
341 12
18 875
287 25
16 319
778 11
34 40
5 534
15 440
48 8
27 526
12 93
216 19
937 3
31 499
141 23
143 32
63 12
875 16
8 355
688 19
532 35
797 11
22 4
757 23
710 8
15 107
365 22
118 32
459 16
34 614
13 804
10 170
147 26
725 28
424 8
25 706
13 403
904 10
605 21
105 25
1 767
23 883
203 28
756 4
11 96
442 31
9 662
30 721
855 3
36 54
28 913
401 3
191 31
691 9
18 669
960 29
866 35
18 275
13 823
594 33
207 8
19 98
20 656
954 24
820 19
113 31
5 508
18 731
23 158
16 40
683 7
32 674
431 32
646 28
12 912
394 32
11 746
786 8
515 14
132 16
14 847
644 21
4 472
28 492
733 6
1 477
98 5
585 15
375 18
14 479
303 24
865 18
31 430
30 180
150 9
17 758
681 28
178 35
33 317
24 432
414 33
10 607
17 965
24 663
779 7
10 260
34 307
458 13
801 33
29 946
24 134
60 3
568 10
693 16
174 27
3 531
34 501
25 834
31 223
53 32
331 23
23 621
3 59
104 8
199 35
17 562
387 32
14 650
18 267
11 160
522 12
6 761
19 649
589 5
759 28
11 123
12 908
745 4
511 28
140 6
17 665
450 34
17 24
950 28
27 772
290 25
22 952
511 18
805 28
656 30
16 385
234 12
753 12
26 947
884 14
26 660
304 22
16 324
29 640
773 29
161 26
32 629
358 15
5 741
997 11
26 97
253 8
81 25
281 28
136 9
12 808
194 3
29 174
11 39
34 861
624 13
844 33
12 835
595 33
310 28
29 132
12 731
13 493
18 696
20 555
419 2
29 315
36 35
905 14
74 5
3 353
29 528
20 112
720 27
17 712
31 741
23 686
5 851
23 221
16 713
35 207
17 575
14 287
3 21
10 845
34 416
67 5
960 5
32 365
317 12
290 4
28 90
22 596
90 19
433 32
30 960
938 10
30 518
24 922
106 34
18 256
11 941
660 18
648 3
4 572
27 870
477 5
826 29
66 16
34 304
26 515
325 30
15 854
627 20
34 725
9 516
30 794
15 703
674 24
114 7
300 28
17 892
300 32
18 721
15 471
4 758
4 187
16 150
118 20
838 11
270 26
637 30
20 991
115 9
27 305
35 889
184 20
25 535
701 9
319 21
695 4
678 2
34 130
26 900
79 25
591 5
400 14
514 32
863 33
22 982
945 5
6 337
672 27
471 20
12 27
794 6
812 32
852 9
464 29
35 910
408 14
639 20
166 32
655 1
742 30
18 226
8 146
20 611
907 2
9 923
66 1
33 371
792 23
29 463
340 18
26 492
11 874
27 180
756 10
691 15
42 19
31 991
30 278
15 953
204 2
7 572
25 330
4 201
11 690
18 408
878 23
32 858
32 442
21 413
15 760
715 35
814 2
4 592
535 3
17 518
31 104
497 2
456 30
153 27
20 406
894 34
15 394
1 334
198 33
30 693
784 19
418 15
714 4
32 772
612 29
36 473
30 867
497 34
21 890
463 28
114 15
28 591
853 1
8 566
928 6
790 10
745 31
149 14
825 17
18 611
12 240
2 976
7 122
996 20
17 314
545 5
187 31
992 23
17 841
611 17
4 521
775 28
35 12
22 286
27 604
845 29
694 34
19 913
616 16
673 10
660 32
795 31
112 18
376 17
49 5
23 676
271 14
17 719
2 145
1 796
33 798
63 19
25 796
873 11
11 902
9 404
156 33
11 996
4 904
968 16
10 472
23 504
603 20
30 940
3 633
32 548
620 1
804 6
635 32
13 471
529 5
711 20
26 986
151 7
533 14
11 967
32 522
745 19
25 365
292 32
1 368
32 809
647 26
248 14
27 541
129 32
40 21
14 529
615 16
860 24
96 16
12 450
5 998
25 455
238 35
7 637
478 20
58 12
300 1
32 792
3 80
16 187
943 8
68 3
20 407
24 459
294 17
339 18
854 3
946 32
11 819
317 5
7 118
5 53
634 27
27 285
683 28
952 2
10 908
920 8
975 23
754 27
28 16
691 23
77 9
17 793
2 475
95 33
27 789
99 4
13 626
112 13
24 520
14 862
4 245
317 35
596 2
16 780
22 513
323 21
8 994
554 15
17 906
105 27
7 307
35 624
15 176
207 24
730 32
854 29
608 30
59 33
133 14
9 751
10 195
7 125
923 16
18 334
693 20
277 35
85 36
274 21
138 9
541 10
448 25
19 844
5 14
13 372
8 613
29 643
569 9
20 222
489 23
15 196
571 17
351 6
413 35
33 90
22 608
377 21
35 278
27 906
937 22
589 16
569 27
1 524
245 23
4 919
771 18
666 32
11 59
116 10
968 29
886 10
483 12
30 840
33 290
29 129
26 306
709 8
817 12
6 906
12 556
28 887
684 14
31 272
624 21
639 26
27 451
18 590
30 714
13 860
23 944
6 725
664 3
29 454
487 7
142 3
276 27
485 2
792 31
18 42
2 795
192 22
680 4
864 32
949 31
601 22
659 31
275 28
788 12
540 17
35 148
5 419
13 118
4 163
13 714
14 844
236 6
544 25
656 1
292 19
3 440
405 11
14 815
35 360
24 891
30 374
464 14
677 20
324 13
35 484
431 29
183 27
963 25
966 24
652 36
211 9
22 920
744 20
32 700
26 497
17 465
91 33
528 33
916 15
11 837
24 584
120 8
517 12
117 20
568 8
21 299
31 849
31 86
457 2
739 15
42 27
33 308
10 605
11 972
114 30
27 422
10 724
13 170
636 28
48 5
547 4
33 653
11 323
31 852
74 3
427 4
700 20
22 874
747 8
12 165
35 258
28 437
4 711
328 13
22 484
6 7
13 775
346 17
22 603
8 231
497 25
833 26
504 26
444 11
64 30
9 162
12 445
26 966
29 270
12 642
397 14
8 189
986 14
20 571
8 468
229 16
461 33
710 14
31 316
654 12
943 2
21 408
29 95
29 791
16 355
1 384
30 717
806 14
349 4
61 2
35 629
27 746
26 668
4 530
30 31
15 664
1 417
345 25
26 533
24 373
26 737
629 13
262 36
736 33
36 52
159 33
11 301
752 24
11 44
261 16
30 402
483 7
280 34
707 13
5 358
7 2
84 3
7 581
611 10
389 27
11 391
546 33
211 12
988 21
131 2
878 4
21 369
274 31
375 13
155 18
28 928
15 159
606 25
93 30
25 277
8 451
7 153
8 572
397 36
17 344
490 29
25 320
13 660
29 159
10 263
23 629
13 64
742 21
130 30
274 24
31 448
217 25
403 27
36 638
823 7
345 14
412 34
523 4
8 192
8 503
248 8
140 27
17 653
13 967
26 820
31 948
8 645
4 809
888 8
2 840
597 33
8 869
733 16
460 14
36 624
652 28
15 223
23 857
35 557
771 5
34 180
35 649
794 5
81 27
63 5
995 17
161 11
312 11
5 76
8 15
21 594
7 51
32 327
122 30
599 32
678 18
9 983
17 318
36 906
23 828
10 362
380 9
30 480
33 570
663 23
386 20
34 108
139 30
21 758
33 366
839 24
33 234
1 844
17 448
37 14
16 777
1 677
30 651
758 16
2 624
274 26
12 212
8 372
15 431
20 397
14 775
766 10
91 10
5 435
12 574
4 94
295 32
275 13
533 32
24 423
36 364
663 7
37 36
36 594
666 22
406 35
611 8
506 11
372 22
773 6
388 10
354 16
380 15
316 35
382 29
668 24
880 32
8 721
967 5
10 919
550 23
384 12
15 379
614 3
382 24
846 21
36 283
51 8
33 499
15 915
13 822
18 397
17 581
12 708
9 803
381 26
32 895
21 610
25 198
374 31
19 157
29 366
10 831
371 32
8 965
302 12
243 15
4 589
21 859
21 811
175 6
372 23
257 22
8 505
3 965
498 31
8 569
10 823
26 447
412 26
101 32
216 13
836 13
20 815
124 33
567 25
396 27
9 388
789 15
15 469
24 64
17 487
156 16
192 28
7 391
166 33
20 864
402 16
849 35
822 3
865 16
5 418
22 33
27 286
3 565
5 724
904 34
468 12
1 165
531 10
141 22
24 43
121 34
32 966
30 849
9 794
845 12
11 290
21 585
139 15
36 578
12 75
28 623
17 225
303 25
611 12
731 16
13 390
3 351
19 261
878 3
3 340
11 879
164 22
18 717
27 932
787 32
710 33
160 28
741 14
23 342
780 1
29 18
25 704
985 9
26 851
91 37
5 251
15 96
22 70
25 868
689 24
256 16
3 311
345 36
102 11
5 427
6 951
11 615
28 221
17 948
25 407
23 384
25 778
20 308
186 5
25 666
164 18
31 872
9 937
546 22
691 3
693 7
670 15
174 37
590 7
4 477
62 16
14 820
628 32
8 395
16 174
29 645
6 581
260 22
543 13
18 391
21 613
6 750
13 752
29 319
11 71
310 19
137 36
809 27
27 289
2 344
10 354
28 362
14 592
32 486
222 30
30 845
410 22
14 43
505 26
22 77
5 863
491 26
64 18
29 434
354 14
866 16
2 853
169 14
489 25
14 212
28 161
100 29
392 4
645 26
325 14
26 418
398 28
394 35
12 511
883 32
5 526
9 538
36 549
4 137
21 504
30 977
37 5
3 343
11 458
13 73
22 625
16 352
913 7
75 14
10 704
10 888
23 839
11 337
5 880
656 25
84 25
532 25
510 28
23 730
408 29
25 9
4 607
422 24
24 919
343 22
840 21
28 208
36 557
4 676
23 937
31 373
30 632
25 59
136 23
9 334
614 25
961 30
7 306
19 207
25 190
16 15
4 970
740 8
31 87
18 309
27 865
29 604
8 887
58 18
139 29
4 458
27 315
25 972
31 413
36 849
879 5
743 10
18 637
13 810
479 20
391 5
190 37
426 35
999 20
497 13
811 24
840 19
372 16
32 4
49 35
942 21
20 87
673 5
7 956
9 789
11 465
717 10
13 255
707 19
487 4
27 461
4 694
19 560
6 988
23 589
11 97
745 32
36 437
32 123
26 732
36 512
8 651
12 599
9 615
5 865
32 336
710 32
396 19
15 715
13 600
571 33
29 251
972 7
15 260
36 237
900 23
222 11
19 345
17 473
30 529
426 18
714 26
810 17
35 749
18 931
356 19
676 3
441 20
9 481
23 734
9 510
30 291
190 7
21 569
281 10
35 590
175 34
442 18
10 539
12 775
489 24
620 16
21 568
449 1
25 440
20 895
12 270
16 930
20 417
228 5
13 736
17 27
3 638
5 458
27 214
130 17
334 35
886 11
23 510
5 214
29 866
310 8
13 402
740 9
29 672
644 12
1 685
983 4
997 20
30 498
22 452
616 7
111 11
371 30
708 35
805 13
328 5
817 34
23 71
20 587
18 548
34 711
765 30
34 681
45 18
3 406
856 21
22 813
41 2
578 10
14 485
35 341
398 2
17 949
5 810
15 462
578 35
13 847
911 8
361 5
5 619
33 898
253 35
83 3
23 737
28 863
245 16
844 34
260 16
5 276
809 12
694 28
33 624
125 33
336 9
665 13
746 23
612 34
762 5
13 671
865 8
686 10
542 36
916 12
959 9
571 31
668 22
171 21
2 959
26 466
1 508
455 29
655 18
773 17
518 16
31 302
251 11
546 28
294 33
10 162
733 9
553 14
633 36
503 31
30 506
4 459
601 19
9 287
11 94
194 27
302 20
282 20
112 10
13 146
22 652
1 648
18 530
15 221
28 440
33 850
148 30
20 810
864 3
11 682
10 111
32 437
8 726
11 508
5 961
14 813
29 381
10 850
234 2
760 22
219 4
15 768
358 21
31 805
4 741
198 18
772 35
6 702
452 35
343 33
6 544
607 24
513 35
6 55
998 21
32 559
805 24
969 19
6 251
530 9
948 23
11 176
31 663
5 180
633 18
883 5
13 662
609 15
3 647
684 12
1 917
13 683
533 9
1 765
523 28
792 20
88 37
310 15
35 340
440 22
21 462
3 54
9 129
827 20
10 47
663 9
566 6
280 24
14 934
16 545
553 13
45 11
15 863
28 657
810 16
34 320
464 17
368 36
221 14
27 848
10 862
367 6
9 177
32 50
1 586
747 5
11 150
446 29
368 25
206 27
12 641
509 1
819 23
23 181
2 891
19 907
396 11
669 10
462 23
946 28
56 3
959 19
145 35
12 843
221 26
329 6
1 398
21 824
14 276
467 11
346 34
17 456
870 15
217 34
697 16
378 36
72 3
528 4
12 313
214 11
765 7
857 21
36 432
4 543
390 15
458 37
341 19
28 9
13 698
22 138
6 186
35 583
31 47
435 23
937 26
113 8
143 11
11 395
12 697
391 4
361 19
989 19
37 223
29 618
543 2
357 6
609 8
301 9
1 821
726 7
881 11
35 869
299 5
981 18
19 795
788 6
958 6
516 22
435 27
17 859
10 668
352 35
26 703
322 20
132 32
610 16
498 29
644 32
829 19
16 47
34 192
541 5
7 279
967 36
788 33
907 4
835 10
32 54
906 34
31 443
101 23
21 795
897 36
31 449
21 612
386 16
15 316
7 286
10 413
25 160
6 76
8 214
637 15
415 19
332 2
719 20
13 763
460 22
19 552
17 305
10 600
7 111
410 3
36 553
390 27
958 33
848 7
814 36
445 27
14 390
26 659
23 184
219 20
777 12
14 178
5 593
6 636
880 26
30 599
29 314
2 345
15 220
126 18
379 21
24 562
32 642
746 25
555 24
750 21
23 744
344 21
486 9
35 226
23 290
641 34
205 22
19 770
582 15
27 881
804 3
100 21
18 996
17 911
10 3
838 20
16 925
428 28
354 8
3 202
4 647
28 285
9 632
623 33
32 828
26 536
672 30
16 206
252 37
35 60
7 22
29 236
694 36
619 32
457 25
17 18
752 7
628 12
103 22
36 267
444 20
897 24
842 10
204 17
15 696
451 34
13 241
17 106
30 256
89 27
22 180
917 36
29 224
36 736
20 52
36 9
740 3
4 498
998 14
735 25
642 10
163 33
4 327
10 242
36 959
312 24
13 318
10 159
29 300
35 834
303 9
849 18
9 524
179 14
736 21
886 23
316 26
835 19
270 10
2 322
212 8
5 11
56 35
623 5
10 794
444 2
793 8
19 293
126 35
188 9
267 33
34 336
19 176
15 274
165 3
227 14
939 33
23 15
1 29
467 14
23 907
9 329
179 18
21 865
333 14
21 387
5 563
66 32
13 709
977 20
11 288
603 7
874 13
213 4
449 3
36 11
22 442
11 332
22 358
107 8
690 8
876 34
1 815
319 5
33 250
5 732
14 334
646 17
33 246
33 684
735 21
284 12
16 671
531 15
33 384
26 719
939 25
8 593
40 11
14 956
847 29
431 2
834 20
870 28
32 892
3 367
1 70
27 178
72 4
30 958
20 439
591 31
48 25
11 474
27 935
244 33
122 1
316 20
36 371
218 35
37 207
8 232
4 328
5 734
519 10
467 17
554 26
913 15
31 922
435 22
147 19
946 2
30 561
31 471
30 771
659 25
20 10
28 439
93 33
10 198
690 21
20 148
141 24
779 35
908 32
28 82
2 940
705 9
34 359
30 146
355 17
348 8
7 697
25 795
30 777
16 439
23 709
141 7
31 220
10 158
279 16
619 8
16 216
495 8
23 781
534 19
111 20
32 998
35 411
4 806
593 36
10 334
454 8
993 3
4 708
4 789
14 407
664 35
8 512
31 789
303 37
959 34
4 335
575 28
14 237
35 378
3 990
824 11
15 162
550 5
615 30
31 537
930 33
34 864
31 645
27 379
32 697
25 18
452 29
573 12
9 494
16 333
28 418
23 312
23 611
36 451
874 31
35 512
821 22
32 606
21 575
30 369
541 3
297 26
31 348
2 592
639 11
242 33
807 17
15 996
291 33
487 25
32 609
28 732
24 587
30 367
307 26
37 457
969 20
33 187
203 12
27 2
603 15
9 126
31 299
27 360
214 30
14 899
14 235
2 953
33 541
27 934
390 24
30 460
15 677
91 25
8 393
824 23
434 25
321 26
727 23
782 35
29 779
34 835
32 122
26 101
36 497
445 9
141 4
36 498
971 4
694 25
641 20
2 393
21 691
13 940
36 608
492 20
6 230
513 14
33 502
333 6
18 98
8 4
5 160
2 521
302 23
6 701
575 18
693 1
416 3
32 279
15 998
22 979
68 9
29 853
309 11
11 884
2 312
184 34
793 11
619 4
15 706
22 961
841 19
16 297
29 591
34 980
4 228
20 501
19 247
27 822
9 269
732 34
474 19
756 27
189 32
10 875
951 27
728 12
20 456
31 855
273 1
334 4
913 31
24 169
716 27
36 563
14 129
747 12
450 37
625 27
819 27
356 16
25 328
705 6
36 579
288 10
468 37
11 887
11 570
27 726
247 3
29 2
355 35
3 425
2 516
103 28
30 820
645 28
9 29
2 494
34 515
25 771
199 34
137 18
839 2
841 30
8 390
35 157
34 559
19 327
30 673
35 885
256 36
17 157
820 20
963 24
952 9
500 26
2 887
7 260
435 30
990 24
693 18
877 24
5 548
15 405
2 822
18 524
699 6
734 10
904 35
220 1
30 636
452 7
17 2
10 814
14 909
17 94
38 124
984 34
896 15
23 323
894 15
2 973
722 26
304 9
417 4
6 117
933 15
33 718
28 834
211 19
957 37
15 32
29 884
27 572
172 25
882 25
15 528
23 265
8 476
6 893
143 6
26 189
3 800
2 181
24 719
615 4
359 11
14 139
618 32
37 378
1 379
17 663
23 810
92 33
32 589
71 15
671 30
19 136
403 5
1 526
28 654
19 178
490 17
20 291
15 815
7 81
432 37
295 28
32 441
406 2
16 291
11 773
498 19
134 12
10 277
296 36
677 32
31 967
474 15
35 954
456 34
635 35
20 549
840 33
875 6
16 661
734 17
1 886
20 175
13 215
28 387
970 12
807 23
369 26
32 639
407 8
168 8
156 27
9 639
149 17
931 3
38 248
780 15
2 837
133 4
34 779
371 19
25 316
640 26
24 58
19 198
3 724
713 26
14 301
214 16
451 29
79 26
387 4
27 129
31 453
20 684
4 16
10 106
3 236
32 577
322 33
359 3
372 4
16 543
360 31
734 8
723 25
26 755
37 419
149 36
14 316
15 194
11 789
401 24
35 739
4 560
34 736
236 20
421 8
8 56
318 25
29 948
1 152
821 26
713 19
36 626
314 36
345 20
286 36
12 537
46 20
31 940
135 5
196 5
318 15
174 28
621 29
875 13
13 563
7 201
28 520
37 130
26 127
235 11
51 3
6 96
295 22
377 35
638 15
22 215
414 11
533 29
37 152
15 747
82 21
788 25
133 22
27 648
700 5
553 22
34 406
808 9
38 120
33 256
410 30
240 7
342 31
992 7
23 817
28 899
322 16
35 151
13 565
22 111
579 37
227 3
22 116
6 956
16 514
731 34
583 4
34 684
147 31
7 408
843 9
161 27
294 13
36 263
18 845
341 25
99 24
363 8
26 697
216 38
33 94
6 332
20 634
21 930
416 24
373 11
7 694
7 27
33 367
181 9
5 322
37 854
550 30
194 17
37 481
19 450
13 159
27 195
11 814
35 271
910 30
23 394
8 205
29 839
15 154
30 136
718 27
26 23
8 364
714 11
932 33
552 8
818 18
617 30
10 353
30 92
24 341
33 877
231 4
1 369
343 27
662 12
26 688
24 304
6 771
19 765
8 822
966 22
408 8
34 211
132 21
508 7
31 665
296 24
13 554
13 938
744 27
702 13
2 126
19 863
7 817
648 6
265 30
433 6
58 11
31 562
237 7
18 106
5 609
677 10
28 164
14 230
801 37
334 12
590 36
2 387
624 25
30 224
38 268
21 566
189 37
482 35
26 513
16 394
36 682
9 617
36 704
190 32
15 629
327 27
18 450
20 968
16 640
19 966
807 19
424 29
26 437
120 6
29 418
16 85
763 37
5 829
859 10
35 792
29 905
45 9
790 3
36 424
16 136
7 647
687 31
347 6
22 463
471 7
32 760
520 19
31 507
31 925
612 4
980 10
912 19
32 487
700 13
368 37
297 11
18 743
110 36
537 24
480 7
23 117
30 431
366 22
526 22
22 733
26 110
4 623
536 7
37 870
980 20
8 532
2 435
137 2
964 36
738 30
1 716
36 456
17 199
234 18
21 781
8 227
24 565
959 14
7 546
24 561
10 465
10 366
63 26
22 749
28 563
277 1
10 830
152 35
11 931
3 523
993 31
5 245
228 26
35 472
642 13
17 279
3 287
33 64
584 28
3 310
589 18
22 271
62 13
77 16
5 949
603 19
33 441
892 21
302 7
20 168
983 21
671 33
4 357
331 38
2 79
29 567
295 14
141 31
19 142
235 28
71 24
182 7
457 7
200 25
824 30
390 3
963 16
12 857
693 26
3 304
134 8
454 16
271 8
8 576
161 21
526 25
35 544
36 822
36 404
20 575
900 5
395 27
640 32
10 84
1 437
36 816
13 405
14 143
89 2
22 297
15 991
284 23
274 14
11 768
681 23
19 237
354 13
35 93
979 24
462 11
27 448
7 648
520 25
378 24
29 530
394 4
28 992
27 58
1 920
61 13
58 21
27 5
27 546
24 450
9 544
718 14
18 374
382 2
852 3
4 853
849 29
20 709
24 52
477 37
232 16
1 536
24 381
14 557
793 14
17 154
8 711
34 188
27 516
176 27
34 247
169 25
788 21
11 273
3 97
17 60
38 502
217 11
35 830
29 83
33 573
23 988
37 956
28 919
254 7
13 351
12 118
7 256
303 14
21 539
360 29
8 578
445 36
6 4
968 10
113 16
989 29
12 673
887 15
417 22
21 825
656 10
7 312
309 32
972 29
142 18
24 483
288 26
25 60
239 24
35 319
10 690
14 205
688 25
832 14
465 30
89 6
67 3
887 21
4 856
977 14
17 7
965 18
519 22
106 16
327 15
5 208
6 266
447 7
33 846
808 19
28 336
16 54
26 656
14 341
669 36
14 671
38 386
24 379
275 6
2 687
13 131
32 254
34 949
28 39
123 16
27 661
31 481
754 25
23 609
837 36
227 34
7 424
21 986
241 19
9 936
21 103
499 37
758 10
20 667
343 1
3 539
32 939
24 183
26 378
887 35
168 31
6 644
297 4
34 919
10 507
543 18
357 23
20 655
21 675
12 86
10 838
6 742
428 13
631 2
104 12
967 19
4 621
456 33
34 826
22 678
653 19
11 826
13 987
280 2
1000 13
34 829
19 195
714 21
606 30
16 897
3 947
4 666
15 481
2 184
18 661
741 32
90 30
459 7
448 36
19 604
894 18
20 254
535 4
34 148
24 367
779 24
35 460
498 18
173 7
87 32
798 17
926 27
10 905
27 598
6 128
37 253
163 21
112 1
22 909
23 498
697 27
9 656
24 234
555 19
21 495
325 22
701 31
376 6
17 198
27 641
236 1
692 26
21 188
38 710
4 268
7 352
772 37
23 669
24 494
13 576
32 899
37 182
175 21
575 5
22 942
993 14
19 278
10 77
613 20
696 1
619 3
632 6
158 2
339 2
754 21
78 21
9 417
6 13
8 546
31 363
454 21
71 16
62 2
549 26
77 8
502 24
35 345
68 13
236 32
35 323
433 33
727 5
759 13
33 174
96 25
24 461
710 10
4 501
141 10
655 22
95 21
20 80
20 99
32 39
8 927
906 28
17 538
560 31
924 35
21 264
20 540
17 701
17 504
20 333
19 893
9 676
437 17
622 25
38 100
430 10
235 25
551 15
81 12
179 1
723 16
642 19
1 463
363 26
6 610
707 22
171 22
30 366
336 13
384 17
11 9
33 281
28 670
5 946
5 296
3 86
159 25
773 37
16 298
14 795
19 189
307 8
8 482
10 733
214 31
889 29
297 21
739 21
67 36
31 859
207 36
12 66
268 14
254 12
27 877
853 15
5 999
16 774
352 33
682 32
494 8
867 7
682 12
6 783
4 430
790 36
27 534
13 8
36 483
2 341
247 12
20 854
3 543
556 20
8 152
355 32
13 177
2 259
23 50
964 17
8 143
123 33
821 38
808 18
37 602
639 3
552 21
767 22
5 513
326 6
32 55
58 35
37 908
21 565
151 27
12 657
33 445
463 30
23 194
10 581
570 34
29 715
633 16
20 816
24 849
690 17
159 32
303 6
24 160
636 37
35 254
482 33
1 529
753 2
2 937
350 7
23 381
937 1
5 561
494 25
989 2
7 439
764 17
442 10
38 631
27 636
756 1
21 317
22 839
6 933
166 18
922 18
4 426
457 21
312 29
807 24
441 24
33 299
688 27
593 23
30 399
17 548
784 2
12 582
341 38
35 670
818 35
7 884
5 138
877 30
839 32
587 27
35 702
32 854
844 38
878 14
6 379
10 529
248 30
204 28
34 459
919 20
889 10
820 8
28 172
9 46
392 3
776 29
883 20
364 20
29 542
238 28
383 18
947 29
565 15
2 13
150 28
31 589
26 591
475 18
725 36
83 15
33 288
19 342
158 27
14 693
766 1
33 548
411 33
860 8
77 7
417 15
15 660
8 787
665 10
647 38
634 16
403 1
834 36
426 19
34 341
5 646
6 467
8 87
33 591
25 302
2 173
34 639
33 963
1 740
28 412
817 4
38 998
466 9
4 747
16 347
17 212
429 35
96 14
18 773
651 2
273 38
9 526
28 933
856 30
18 103
37 609
19 811
16 22
22 646
676 27
2 803
8 838
11 628
733 14
34 266
26 253
934 7
550 35
401 15
223 5
77 30
28 219
33 15
30 572
865 7
641 13
855 20
358 8
606 19
3 941
405 6
173 9
111 15
67 30
486 24
974 29
218 16
343 7
22 579
16 181
516 36
18 886
13 748
559 5
333 19
6 517
29 685
6 48
36 341
43 27
183 28
7 917
5 594
852 23
961 26
800 10
19 737
50 3
22 92
4 496
256 4
24 307
729 37
15 108
24 627
986 13
543 21
781 2
253 5
316 38
8 333
352 27
474 21
6 719
287 35
9 449
922 5
21 232
38 980
595 2
610 30
483 33
27 953
550 32
315 5
24 108
93 24
820 38
836 31
285 22
468 34
10 432
22 172
333 24
689 6
2 791
100 14
13 849
26 375
16 870
56 22
29 545
392 21
363 3
10 588
350 17
270 36
7 76
21 748
32 598
36 310
607 27
657 3
739 25
33 757
31 902
25 947
9 916
534 34
54 2
769 7
36 84
288 20
32 717
57 26
163 2
191 5
173 13
23 474
35 290
32 43
26 98
23 204
5 645
35 227
803 33
924 13
30 301
267 11
387 24
984 36
703 24
889 38
36 576
263 22
5 465
392 12
271 37
213 22
11 693
985 14
220 38
4 77
381 38
356 6
473 1
3 225
91 5
855 15
326 31
249 31
574 36
18 122
595 23
38 375
503 2
28 781
251 36
18 752
16 342
18 750
668 11
688 17
467 31
312 33
885 4
119 15
907 3
33 816
910 3
21 993
32 200
36 6
37 214
649 15
15 591
5 656
380 2
315 14
545 14
27 511
588 23
31 477
515 6
445 28
950 3
16 850
194 28
26 223
25 766
919 27
106 15
716 26
108 36
3 801
20 108
313 10
5 882
3 491
5 571
38 135
12 4
199 11
7 614
14 947
23 943
803 14
22 152
18 128
792 6
1 272
816 22
806 34
15 765
90 34
586 2
58 16
1 296
19 609
24 586
806 18
38 109
21 300
19 251
28 461
11 311
31 384
7 649
6 757
17 597
124 24
68 25
30 233
34 36
10 550
1 167
74 17
5 957
27 970
163 27
582 30
835 25
334 17
32 835
122 38
366 15
25 643
35 159
868 36
12 399
204 27
21 490
3 964
505 13
33 376
12 812
3 891
7 205
217 17
21 711
26 139
38 590
13 936
29 995
40 1
813 13
459 37
9 201
31 985
10 840
19 779
29 837
16 227
260 33
35 819
565 19
897 5
11 925
58 9
714 28
245 17
790 35
299 16
21 25
23 591
791 28
36 510
153 10
810 35
17 205
47 29
707 23
1 28
749 10
2 818
17 951
5 643
19 801
53 28
39 424
25 8
867 9
9 584
892 20
12 491
511 3
25 491
8 12
58 28
422 15
559 2
15 541
269 25
642 31
37 454
36 223
9 948
26 430
151 19
180 17
38 665
260 36
668 14
471 24
24 318
221 12
36 113
16 926
811 8
986 12
30 973
33 383
819 15
401 33
32 346
383 21
4 897
951 28
592 29
893 33
298 7
17 790
1 371
388 19
38 136
209 39
21 315
174 13
234 17
343 8
278 24
31 282
458 30
21 259
988 34
6 965
90 2
25 875
20 51
7 643
166 39
33 430
834 13
19 419
813 15
15 679
22 370
97 5
4 131
253 9
9 780
225 27
7 351
521 31
16 510
717 16
769 19
869 21
11 246
822 25
28 301
35 919
980 32
2 547
14 776
399 8
30 239
3 911
39 332
16 325
77 32
1 228
34 973
5 470
18 324
367 38
208 13
708 28
7 494
704 14
727 7
87 39
2 32
7 14
409 20
929 11
36 339
14 257
37 150
20 863
8 138
358 3
31 917
35 646
3 70
742 27
21 643
926 34
15 105
59 20
15 569
518 7
9 513
38 691
36 442
10 477
4 604
24 993
19 377
9 171
31 301
253 7
38 700
20 701
215 38
914 2
5 982
884 12
458 25
10 410
217 27
769 1
9 302
427 2
23 53
32 450
24 870
320 1
442 28
448 22
39 360
555 32
222 9
5 348
22 606
37 94
525 32
14 484
911 6
536 2
12 756
31 364
36 566
448 8
285 29
12 178
30 707
16 636
110 7
211 31
3 699
962 33
451 30
493 8
8 347
12 936
733 2
192 33
306 10
2 981
37 994
10 821
33 40
952 28
842 27
297 36
593 1
20 157
426 37
23 403
17 195
5 164
912 16
34 547
526 20
35 958
109 14
655 34
107 4
159 22
472 34
253 6
6 287
888 26
34 943
9 66
354 34
163 36
16 812
26 152
3 611
634 26
318 1
186 2
862 37
84 8
16 7
30 663
9 30
170 4
43 13
467 5
23 555
39 274
22 468
290 17
696 35
20 548
15 345
126 32
654 18
4 194
26 340
60 15
6 743
291 1
120 15
166 11
413 34
5 565
524 39
705 20
25 781
629 18
10 946
38 419
423 15
18 662
5 282
17 507
44 7
35 468
24 841
940 7
10 474
5 799
154 26
333 38
32 905
928 1
2 470
28 69
14 218
396 36
5 641
38 582
354 33
37 893
10 461
23 835
30 173
126 22
12 655
710 7
155 36
33 652
30 162
438 7
39 700
3 413
9 268
498 7
113 12
34 895
7 796
719 1
36 876
10 352
809 30
20 994
18 163
10 637
9 318
7 960
855 4
8 272
709 39
39 372
786 12
674 14
761 7
357 18
564 39
682 2
941 38
788 37
185 9
39 304
993 7
31 721
43 26
32 968
11 847
32 173
17 729
824 31
39 433
36 504
664 1
14 550
6 295
187 26
342 13
30 432
17 778
859 36
622 39
757 15
8 28
746 39
5 349
818 34
400 19
6 149
38 426
925 30
450 33
26 277
13 914
122 35
741 36
1 118
830 1
32 891
843 11
26 427
33 315
8 150
429 28
220 7
34 594
642 29
706 6
18 535
161 17
948 35
160 35
24 388
8 781
9 310
38 29
914 4
520 8
556 36
377 5
874 38
58 37
512 6
33 140
231 26
920 17
140 10
38 475
790 1
692 30
17 722
200 14
24 339
577 5
288 15
41 25
495 5
27 184
38 624
14 118
583 22
920 4
384 32
803 15
38 98
68 32
28 633
32 768
37 341
171 36
32 28
413 29
580 13
186 3
510 35
3 769
33 575
4 413
664 24
39 593
63 4
268 16
179 13
30 138
2 415
14 938
17 953
27 966
683 6
23 904
36 90
16 821
344 5
46 7
16 556
692 18
29 306
30 723
990 6
388 33
312 26
39 95
8 769
528 24
376 23
624 18
886 38
621 34
384 25
763 11
306 12
13 975
605 18
694 14
16 842
578 37
214 36
1 175
11 298
98 22
655 26
26 283
26 569
921 8
32 979
30 831
15 832
562 10
28 663
39 534
199 6
771 11
38 306
158 24
906 8
693 27
6 413
854 4
995 27
24 795
261 39
86 16
15 727
38 817
107 18
465 39
244 37
697 20
26 190
37 53
21 203
18 102
82 4
187 32
689 26
30 140
728 35
20 939
850 9
23 296
117 29
11 871
20 692
34 37
3 926
96 13
799 10
23 179
514 19
36 323
23 982
919 36
16 112
157 9
901 29
21 946
503 15
22 346
15 348
995 8
11 457
15 506
25 737
13 88
703 35
35 758
360 24
391 8
3 663
16 528
829 8
36 63
649 24
13 957
809 16
450 14
31 286
5 69
537 27
21 53
3 226
26 669
20 630
386 21
757 34
129 38
897 1
13 843
25 232
8 151
258 21
38 183
12 526
517 2
33 748
187 30
70 23
27 361
18 646
35 144
562 26
435 33
413 14
998 13
599 10
30 852
10 962
31 584
13 949
802 14
24 152
853 17
824 16
4 37
22 480
693 13
38 48
922 8
136 27
797 12
460 23
840 38
18 37
32 315
734 31
144 1
5 674
228 39
464 26
432 33
628 19
825 10
536 18
567 24
738 19
566 27
870 22
3 985
30 923
95 12
23 711
34 250
35 929
91 36
3 204
31 933
5 792
189 16
407 29
39 759
35 716
386 3
27 46
34 934
119 19
55 39
13 293
30 614
11 963
731 36
548 28
751 36
9 154
39 414
32 498
993 37
186 9
887 14
762 19
748 28
658 36
7 198
35 133
31 85
367 10
537 5
243 24
12 866
759 36
199 37
32 734
29 681
60 27
381 35
535 14
240 30
9 762
494 34
491 1
112 8
691 35
4 381
13 49
790 16
499 19
34 350
23 999
429 19
412 37
19 163
39 548
39 208
365 38
34 960
859 3
180 29
213 5
39 783
25 215
313 3
34 954
12 303
14 58
10 394
32 98
26 592
376 5
480 16
671 25
841 38
21 584
24 346
291 11
622 29
4 704
28 213
231 15
32 180
9 317
227 9
105 32
30 416
4 50
558 5
477 18
136 40
419 25
604 28
663 29
2 912
225 31
16 349
743 9
932 1
39 506
853 30
270 33
376 39
19 933
20 717
892 34
1 225
2 189
28 338
42 23
28 257
186 29
3 387
440 11
413 37
25 379
585 24
641 30
85 25
32 542
770 11
9 410
451 14
802 18
88 6
583 5
20 165
29 150
22 189
21 472
826 32
495 38
188 37
301 4
4 253
290 1
26 980
61 16
465 33
551 10
414 24
27 807
754 20
34 683
29 65
435 34
20 706
11 794
19 694
22 402
5 648
323 9
516 20
15 533
33 330
820 2
33 508
998 3
6 976
7 112
702 26
823 22
19 563
574 39
30 966
228 29
34 985
650 11
15 499
550 38
17 133
118 17
33 398
13 261
219 14
664 9
249 30
2 642
38 162
118 8
321 4
27 594
701 39
17 489
928 29
743 12
20 665
283 17
98 40
374 8
836 22
802 33
117 32
17 140
671 1
202 14
30 109
933 24
555 34
36 243
385 2
569 24
37 836
12 736
12 332
37 795
2 208
539 23
175 7
4 316
387 33
35 608
193 4
18 211
980 23
580 22
34 523
659 27
802 25
558 4
12 131
311 33
34 755
20 309
793 36
18 897
366 24
33 348
841 28
18 552
778 10
953 20
39 336
826 25
28 809
649 9
14 337
32 213
3 881
27 949
833 35
940 19
34 948
175 17
21 671
830 36
38 290
50 31
656 24
18 675
550 24
960 6
29 466
4 839
318 35
87 38
35 525
142 14
20 878
578 30
605 37
28 432
37 657
676 32
16 729
26 289
8 555
408 1
29 77
37 379
25 230
183 15
547 29
1 643
326 38
16 367
796 35
37 851
30 729
685 10
27 346
34 881
38 644
843 8
530 30
134 39
609 3
40 187
19 100
670 39
9 441
115 40
3 493
24 560
318 16
791 19
349 18
937 20
121 2
2 433
22 421
6 311
805 18
744 18
17 353
240 31
743 5
115 38
399 1
7 23
685 14
10 241
734 25
984 16
16 861
15 510
245 9
5 768
24 413
21 579
14 804
832 24
14 605
399 38
8 804
67 8
97 33
11 920
930 5
15 978
40 215
8 846
16 379
524 2
807 2
663 33
338 24
3 727
24 185
29 164
8 986
40 56
30 91
39 684
40 39
36 753
33 58
648 13
15 460
124 3
859 9
867 16
6 201
421 28
606 27
725 21
214 33
41 11
1 373
477 39
656 16
797 28
148 2
37 915
156 9
245 1
438 21
15 927
313 32
582 23
28 473
701 36
6 494
26 262
223 23
31 414
3 490
382 17
172 8
11 139
877 35
281 2
287 17
23 49
12 651
751 1
5 837
309 8
32 111
168 17
911 19
15 444
663 4
288 8
49 10
8 481
15 269
733 8
26 44
3 179
18 968
7 957
38 651
9 626
235 37
3 959
567 6
37 259
110 10
106 13
120 29
36 940
33 60
224 5
818 10
38 206
426 10
455 26
32 446
523 37
289 17
1 392
14 845
376 12
399 39
303 34
34 803
768 19
617 25
22 857
33 681
752 33
38 319
4 352
1 929
834 37
1 359
3 603
18 573
398 31
27 497
9 638
187 29
21 512
25 823
292 5
20 664
749 21
609 11
36 585
482 37
228 10
16 639
399 9
814 17
25 42
28 44
37 903
12 505
96 33
7 292
505 32
461 7
27 640
20 921
690 31
30 406
32 972
480 14
972 6
4 445
104 29
20 49
762 3
777 27
36 541
9 563
855 26
362 23
13 979
619 24
420 16
36 960
247 8
509 34
735 38
811 6
362 9
32 363
19 2
950 5
30 417
23 374
17 648
17 209
26 133
13 124
40 211
3 810
7 259
9 435
90 27
95 15
6 779
28 344
525 3
648 10
629 14
35 613
5 917
652 21
846 16
14 186
2 48
13 14
751 14
129 11
200 38
130 26
388 2
306 31
663 39
791 3
15 406
724 33
29 729
38 660
556 31
17 869
32 201
7 272
719 34
562 14
187 28
193 8
130 22
9 206
28 321
758 9
30 216
410 11
254 29
4 527
334 33
21 314
202 40
34 466
34 390
441 23
27 310
385 26
2 364
703 39
791 36
217 1
12 764
620 13
402 31
34 318
449 7
34 274
19 483
12 531
10 80
981 34
5 572
7 335
14 97
957 35
750 28
285 23
419 18
21 157
110 15
27 152
426 27
140 3
30 219
594 15
328 12
434 4
214 17
24 361
8 883
437 29
8 671
39 340
556 28
35 773
16 461
31 950
38 773
17 333
544 26
37 620
980 9
308 11
25 977
457 22
25 3
629 17
6 619
15 718
929 15
4 917
33 289
11 88
4 977
33 199
594 40
902 37
36 127
230 23
10 132
142 23
916 22
7 315
308 23
6 193
805 9
27 833
10 43
503 6
743 11
904 38
556 8
419 26
11 866
21 342
427 27
670 9
10 155
20 166
15 101
37 832
40 432
39 85
23 985
113 24
615 12
845 20
33 581
28 470
250 13
5 343
697 39
962 11
420 6
479 17
39 216
466 35
178 5
646 14
707 28
38 882
13 631
839 6
12 153
9 465
489 14
38 537
18 982
31 606
409 18
25 386
38 557
432 26
11 610
16 430
39 614
39 998
18 486
551 32
950 19
522 40
935 33
12 499
10 891
432 6
2 771
19 773
541 26
26 791
360 4
268 37
39 698
361 36
13 168
25 194
15 19
23 505
38 68
658 12
1 155
16 635
11 523
330 11
580 32
4 781
362 29
5 679
3 455
19 492
780 31
9 947
928 23
582 14
942 7
724 2
600 19
340 8
593 16
483 10
6 249
6 914
18 413
32 240
2 324
11 665
271 20
34 356
222 6
31 408
3 488
107 30
5 588
839 39
14 851
688 32
3 675
2 455
15 152
181 12
29 964
688 28
22 860
11 988
891 39
16 128
28 118
348 30
33 331
814 5
541 13
22 322
46 11
8 453
401 39
33 146
26 566
36 5
5 889
10 296
26 181
1000 1
712 13
953 32
15 321
2 546
14 824
19 539
10 386
104 15
341 32
323 17
24 690
168 40
3 593
114 13
34 258
637 37
849 6
5 399
988 9
13 75
759 40
3 672
524 4
30 360
758 40
122 9
556 13
162 2
22 717
592 6
6 77
288 31
633 32
658 19
389 4
32 251
39 220
235 19
916 1
4 625
347 4
670 18
667 4
13 350
282 27
447 24
241 23
434 37
210 39
136 15
269 20
30 883
27 35
955 19
1 731
411 37
17 768
698 26
16 303
15 206
992 3
298 32
15 9
20 295
4 568
330 5
495 18
1 978
36 992
34 986
937 18
432 19
37 484
30 307
473 18
268 13
823 27
840 12
36 199
20 203
332 40
198 2
631 4
5 480
21 242
88 12
29 56
648 40
25 839
206 7
38 530
353 2
4 984
12 14
29 167
37 494
16 676
21 255
13 933
12 407
57 38
25 525
33 349
984 33
347 17
1 940
25 333
453 11
20 766
22 202
32 62
519 37
658 27
6 18
15 804
754 30
34 784
37 979
283 3
537 18
22 347
9 390
401 35
28 659
686 1
28 155
31 372
613 36
16 20
34 679
19 77
611 29
34 208
27 132
689 27
28 481
12 352
713 20
15 909
5 590
54 23
11 720
21 970
25 953
38 928
1 945
17 104
25 259
97 39
924 30
13 912
34 568
831 25
843 27
975 32
376 24
537 11
38 77
32 401
17 865
460 11
28 717
12 685
394 5
17 633
546 31
37 71
30 414
31 871
28 868
382 12
19 885
447 12
846 17
28 419
9 374
13 511
951 21
209 3
785 14
759 7
877 40
40 623
344 38
36 253
33 107
8 840
55 27
13 105
35 940
749 19
28 613
572 33
430 3
464 5
394 39
965 22
26 636
26 326
32 903
584 25
25 210
262 28
348 24
475 8
32 679
4 142
866 17
837 32
941 33
40 642
347 11
36 221
98 35
970 34
26 522
134 34
11 716
12 557
19 797
507 26
563 11
33 197
986 40
386 12
500 15
385 39
645 15
886 4
307 37
726 12
366 35
323 5
25 125
27 479
397 15
963 31
3 866
35 41
860 6
929 37
21 455
473 26
12 875
18 780
14 452
38 598
1 602
623 21
834 7
739 3
12 349
32 699
799 32
1 776
35 240
798 21
795 16
26 754
778 5
40 471
147 3
710 24
836 2
4 264
895 19
5 839
16 69
23 798
37 667
229 15
19 277
32 330
867 25
864 8
3 586
13 502
152 19
25 685
12 868
22 831
866 40
59 14
778 40
527 13
40 994
28 599
35 579
267 35
919 15
231 32
27 568
6 649
515 22
21 63
28 860
36 892
315 17
202 31
35 572
404 7
721 33
13 206
167 23
40 285
495 23
28 587
772 34
952 38
3 323
322 21
531 35
895 1
436 26
84 26
6 790
47 34
16 292
25 199
119 34
723 6
174 38
893 30
3 670
193 23
610 27
12 421
10 29
17 117
1 34
632 40
28 198
341 7
40 9
27 297
682 33
27 866
194 7
35 996
21 707
34 158
249 39
21 677
430 9
662 25
294 16
13 141
39 514
723 37
488 13
430 36
28 570
519 34
3 395
665 29
4 997
401 9
27 944
134 21
11 862
2 565
11 705
4 108
15 999
907 8
18 367
605 26
165 31
21 578
26 934
823 12
811 28
505 19
33 469
34 540
694 3
435 20
379 39
184 21
12 342
10 828
4 295
36 878
350 23
34 507
431 10
364 26
7 396
398 7
29 262
899 39
24 907
31 670
25 634
691 2
6 822
319 39
745 30
494 32
2 941
30 81
382 27
13 854
24 637
20 18
9 297
858 37
11 849
15 24
382 19
770 5
454 27
21 904
37 314
851 12
74 29
722 25
12 271
10 42
344 13
19 941
33 494
33 208
5 407
1 843
35 446
28 641
35 428
5 219
11 461
36 865
23 760
812 1
174 10
3 248
4 784
12 500
454 28
21 775
293 34
19 401
774 17
35 870
10 720
606 18
251 35
3 48
753 21
8 515
880 18
563 1
364 11
10 311
38 454
906 15
38 44
35 686
8 895
140 24
290 40
17 545
577 3
348 2
30 12
160 29
626 34
638 17
32 195
196 28
709 25
228 28
36 347
24 331
31 683
8 92
142 37
428 31
38 835
534 16
864 24
467 4
16 67
633 12
16 648
651 24
771 38
931 15
10 102
32 747
12 921
7 4
189 29
25 945
447 5
568 25
510 14
22 314
774 12
330 3
566 33
621 9
13 931
70 29
900 30
1 610
988 33
738 14
3 933
10 399
356 4
33 369
373 27
16 162
212 6
744 5
382 30
736 28
850 24
307 31
19 367
916 36
19 8
807 14
34 643
22 158
11 660
561 10
40 3
35 747
37 522
20 131
2 766
417 25
107 2
610 7
37 414
26 45
597 13
327 16
39 726
29 670
758 5
684 3
495 24
27 66
291 8
579 15
39 571
345 30
23 983
643 30
6 458
31 828
250 12
12 780
370 35
39 636
13 57
302 36
37 391
22 473
167 13
316 37
2 4
780 22
209 36
382 40
40 197
31 210
17 779
5 140
14 266
41 275
46 32
12 368
17 977
1 514
219 17
27 400
17 803
607 38
78 19
147 35
816 40
23 48
387 19
762 26
36 710
32 184
37 512
154 29
65 20
623 39
785 24
14 743
151 38
31 939
35 614
663 11
221 31
752 12
925 27
5 725
27 706
40 934
27 187
991 32
805 15
7 147
219 3
331 17
373 5
201 23
29 857
203 36
129 36
847 37
678 39
893 35
29 967
622 35
26 872
9 443
23 831
537 2
10 114
756 26
22 229
513 2
38 585
20 528
7 177
504 29
433 1
33 699
977 2
507 24
13 332
9 155
32 651
10 913
527 35
34 514
361 29
789 36
461 31
124 37
32 638
2 260
18 716
790 9
33 628
586 5
1 590
8 891
5 19
11 192
547 5
15 388
14 936
8 282
39 67
14 633
287 13
701 38
195 35
204 13
12 638
695 29
737 8
19 593
164 7
385 1
581 35
36 920
431 20
73 10
36 120
11 493
38 97
141 28
40 477
33 77
182 10
359 22
18 785
29 749
8 41
309 24
984 22
36 978
22 61
631 1
26 711
221 35
18 951
774 19
527 37
24 253
574 33
14 298
27 883
31 190
7 874
29 714
23 637
14 747
18 353
39 712
10 730
822 26
24 939
3 17
225 2
273 16
321 32
3 58
9 10
560 3
2 117
67 22
183 9
15 346
35 299
17 824
397 28
11 126
40 601
14 597
15 773
14 260
626 27
19 443
80 40
22 338
573 27
4 952
279 37
31 626
7 542
380 18
1 418
722 38
13 240
159 41
21 333
847 25
579 34
346 30
22 79
877 37
3 515
324 6
483 9
232 30
31 682
565 11
91 26
13 7
20 122
52 5
185 35
893 3
610 25
94 5
11 485
192 24
167 24
167 22
428 6
394 18
475 40
3 579
431 8
414 14
29 429
33 730
738 27
66 37
19 525
23 758
628 21
110 5
35 422
616 41
873 3
28 589
15 987
72 21
39 165
331 16
377 27
35 916
471 12
777 4
2 671
834 14
26 767
38 418
262 3
34 52
958 1
546 20
33 61
13 696
28 911
857 14
917 23
14 161
8 607
487 15
17 368
27 700
8 612
36 241
3 220
10 403
30 143
843 30
19 583
338 3
585 41
906 2
16 532
8 773
5 600
697 19
2 36
353 11
2 794
37 38
975 17
14 356
804 28
613 33
465 8
27 228
346 14
522 30
435 36
214 40
9 247
41 619
2 400
204 5
21 411
26 251
25 504
20 176
197 19
134 7
18 594
195 40
892 4
24 756
30 70
12 593
6 98
1 162
742 11
40 598
174 17
3 193
331 4
1 54
264 26
2 150
18 881
23 605
36 531
893 21
816 29
26 293
189 9
477 23
17 471
228 3
11 960
125 6
20 847
329 37
1 238
174 1
164 16
9 370
986 17
27 792
738 34
34 313
597 22
231 16
5 788
239 27
942 19
867 14
568 28
890 11
33 51
585 27
18 899
62 25
878 38
610 2
15 453
31 567
755 4
22 348
614 8
28 830
10 923
17 867
958 37
79 8
23 96
216 6
206 1
386 36
2 664
481 10
3 153
40 607
119 39
368 40
167 26
285 19
39 744
623 37
39 311
4 569
21 482
36 872
31 752
630 13
3 217
966 38
761 10
13 803
8 948
9 684
31 748
7 562
3 841
867 32
85 8
25 164
717 24
6 664
169 31
423 41
227 41
638 24
38 986
170 22
15 282
40 590
18 393
25 937
217 19
6 853
604 33
723 40
761 22
30 163
965 24
14 130
668 30
712 2
39 715
35 805
10 411
354 30
234 4
854 31
13 538
895 33
670 34
539 37
958 3
146 19
25 156
30 914
6 884
378 9
4 217
716 30
9 846
15 793
615 37
204 16
20 229
35 687
13 591
39 801
1 729
185 40
968 34
11 272
995 11
709 24
8 951
15 930
483 14
256 37
36 476
29 704
909 17
184 15
19 983
893 15
905 16
779 9
267 12
9 313
863 14
39 627
999 14
73 17
36 16
37 952
487 41
432 1
18 732
40 827
30 860
604 24
872 22
440 8
378 41
32 529
832 40
782 40
37 947
660 19
1 902
403 15
17 67
13 252
32 72
629 24
207 39
374 36
12 235
587 18
7 274
25 976
529 12
880 36
28 969
752 36
2 169
5 168
16 836
126 36
27 994
732 35
182 18
40 179
971 1
75 32
43 12
445 23
840 41
40 503
4 425
9 659
603 11
24 122
170 28
37 659
25 789
38 464
946 7
30 598
518 38
35 96
722 10
6 584
825 25
889 15
9 716
105 1
667 36
446 13
251 16
9 603
15 943
1 4
413 39
30 324
37 392
832 33
38 22
14 270
18 824
262 24
81 41
293 12
745 16
30 510
12 804
613 34
6 693
112 3
13 974
981 35
36 678
174 39
18 9
549 2
35 467
282 4
10 615
885 9
337 38
442 25
514 38
783 20
29 653
69 14
40 604
862 41
812 36
9 999
384 9
488 36
305 11
945 3
318 39
587 34
6 873
995 33
24 603
984 19
851 19
260 1
27 338
197 28
471 5
680 2
15 699
25 108
17 612
40 667
411 8
18 837
397 26
181 36
26 203
126 3
29 210
967 38
143 16
197 22
7 685
678 31
181 22
171 39
459 15
3 746
19 859
919 21
468 30
24 697
587 19
11 486
23 351
2 670
316 24
519 5
881 2
68 12
43 30
725 3
28 544
10 178
27 950
386 5
36 825
31 106
182 32
16 375
12 196
9 725
174 7
20 398
502 16
35 479
10 803
15 263
779 22
881 17
10 726
25 743
711 27
25 854
22 671
27 868
12 984
538 30
29 510
29 814
320 20
20 520
80 37
35 602
37 70
16 45
17 173
903 10
38 831
28 838
588 11
246 38
14 213
387 38
99 21
677 26
21 209
944 31
649 36
128 41
914 20
10 402
5 111
36 101
39 139
450 9
2 866
775 5
22 356
350 36
32 152
440 18
352 24
13 416
7 102
10 495
657 7
583 7
853 13
736 15
19 391
555 38
770 30
141 6
25 236
40 399
628 29
11 130
38 707
23 135
21 36
548 29
439 35
535 40
325 2
902 22
976 38
937 21
811 39
8 225
39 256
24 623
84 28
60 36
40 170
8 871
870 21
28 879
26 763
29 328
20 913
83 22
301 23
18 759
122 16
25 500
231 31
186 27
907 10
7 681
363 19
1 637
38 507
383 17
957 3
965 12
342 8
888 20
287 18
160 17
32 597
482 16
6 229
287 12
19 691
2 111
26 978
867 15
168 23
24 754
9 393
827 11
5 690
12 706
29 439
60 2
5 102
36 440
14 71
496 20
552 33
30 882
13 720
548 34
703 23
2 605
107 28
9 834
35 979
2 846
26 611
23 213
674 31
464 12
513 28
663 27
15 936
47 26
1 710
34 291
965 21
17 418
170 34
23 186
717 25
592 34
345 33
12 138
20 889
378 21
35 883
976 12
665 4
717 33
6 119
253 12
276 22
982 25
823 37
41 978
119 20
760 5
490 5
17 491
421 32
809 21
257 40
27 198
32 328
137 30
549 40
512 12
933 14
27 208
7 721
536 17
19 759
30 801
5 484
21 771
474 30
686 6
28 540
8 941
155 6
997 32
39 397
25 828
23 579
96 4
69 1
8 245
28 585
5 143
741 38
759 9
251 15
323 29
314 14
1000 20
6 891
871 41
512 28
16 290
26 282
34 325
1 270
619 2
16 644
132 9
17 731
443 36
28 92
708 19
384 4
427 24
793 41
278 26
6 373
180 31
2 792
160 22
7 434
537 25
527 9
494 40
18 63
30 1
30 483
950 20
157 2
31 76
10 316
664 29
339 33
17 657
23 761
19 500
39 382
39 894
778 9
140 41
881 32
933 9
35 741
5 256
514 13
3 322
997 39
33 545
25 786
770 16
4 304
40 822
203 17
14 995
873 1
732 6
350 19
24 654
29 659
255 26
10 113
6 1000
998 35
22 574
814 14
21 694
2 752
7 580
591 17
639 35
41 116
12 47
611 30
13 653
616 18
35 523
376 18
238 27
17 238
12 307
24 217
4 124
350 16
23 211
28 289
229 35
8 821
462 29
10 99
253 21
225 34
96 34
40 468
726 36
40 909
32 547
455 34
24 320
153 28
322 24
36 647
160 32
375 34
37 473
828 7
25 321
40 12
434 15
19 122
21 658
39 314
459 27
29 134
552 5
435 12
761 15
867 34
883 29
354 40
5 414
880 16
948 5
8 502
163 34
8 76
9 52
848 32
8 754
1 474
12 195
24 261
12 779
438 25
42 360
1 269
224 4
738 20
13 457
36 761
20 225
12 206
7 861
263 11
39 359
42 216
148 24
36 239
637 25
26 806
335 39
29 428
21 862
721 40
859 26
29 603
827 17
33 109
35 959
23 281
433 7
361 11
4 811
347 27
1 451
35 774
880 8
418 4
31 990
16 118
676 21
14 311
328 41
307 32
149 19
12 163
31 303
291 42
11 718
31 910
908 18
824 32
557 31
244 40
987 19
30 17
767 38
79 33
74 20
21 554
29 709
459 32
22 650
8 49
12 478
814 16
75 20
285 30
799 8
181 28
9 722
703 41
41 701
21 106
188 31
493 25
16 226
1 725
8 50
859 23
37 344
110 14
871 4
34 910
27 806
19 215
380 5
22 633
29 420
177 24
34 930
2 481
229 41
1 813
28 765
50 37
598 36
537 41
593 15
485 10
179 7
21 96
17 700
37 967
15 810
34 281
25 187
18 726
811 13
30 442
818 39
565 39
34 66
47 25
720 36
11 110
656 19
1 986
105 6
26 471
19 74
36 655
15 37
142 42
871 7
6 434
447 22
854 33
26 348
167 11
20 557
141 16
439 22
22 886
812 31
486 1
324 42
108 16
19 839
777 34
779 38
816 28
8 135
34 890
9 982
7 743
41 338
20 566
10 332
31 809
555 30
14 156
19 268
4 177
476 41
506 36
475 3
286 1
22 918
36 77
6 967
307 29
557 26
40 261
95 42
37 703
8 93
702 32
513 3
428 41
12 290
548 7
904 2
18 363
654 27
12 814
7 11
748 17
804 33
33 549
15 118
31 525
24 818
30 927
191 32
899 15
28 763
41 991
677 30
32 350
29 677
13 587
518 36
539 17
559 26
30 753
472 25
33 864
9 887
37 287
21 888
2 617
203 1
37 144
870 40
27 303
396 24
371 37
792 14
11 183
102 27
15 892
709 18
942 14
41 801
882 11
71 8
19 148
17 20
31 889
18 947
193 25
114 22
38 749
36 459
560 9
762 14
14 544
25 144
400 28
259 38
22 536
1 726
28 934
713 28
6 842
4 548
795 5
667 31
264 19
42 14
572 14
235 38
15 28
761 17
2 893
774 31
997 36
15 577
406 31
233 7
116 13
36 969
273 39
338 2
31 242
883 3
634 24
324 29
935 15
78 23
123 3
31 912
279 13
6 553
66 25
11 260
767 8
9 672
714 37
20 189
183 14
489 18
687 39
41 559
31 598
821 20
504 22
6 624
285 33
905 28
972 12
434 1
34 61
721 37
13 454
37 427
12 430
11 702
833 24
24 424
241 12
12 549
31 51
59 37
9 38
6 204
822 7
522 36
464 3
952 15
416 1
880 25
10 66
32 553
41 311
791 14
19 670
6 34
842 22
3 264
37 30
12 890
445 37
654 2
129 10
28 940
20 352
464 4
617 21
579 38
42 93
709 40
19 524
41 108
21 906
291 37
595 26
3 384
31 22
22 898
32 406
987 36
36 829
22 326
12 46
656 8
830 2
19 274
14 501
834 5
23 2
37 974
627 31
8 289
35 735
526 15
942 23
30 191
11 833
15 912
29 996
116 11
10 779
185 36
127 7
498 41
19 743
940 38
14 895
34 273
12 660
18 517
5 395
952 12
373 35
475 5
47 42
18 92
18 794
34 476
4 881
22 241
7 210
94 22
868 16
975 3
256 9
428 3
25 861
444 30
766 31
739 36
89 26
928 16
17 747
300 10
25 667
545 42
686 32
28 856
25 396
39 913
998 37
788 29
40 988
291 24
527 22
754 36
13 645
243 37
42 418
108 40
18 49
26 604
360 7
186 17
24 476
21 925
566 30
16 64
4 808
664 30
2 491
317 11
15 723
435 6
366 9
677 8
36 714
1 323
32 704
15 621
243 41
38 656
575 13
21 943
41 633
458 35
995 30
29 385
996 24
218 33
233 14
18 699
805 34
267 2
20 561
278 22
25 454
521 32
29 109
19 380
31 149
1 157
738 23
35 538
93 22
6 210
2 429
34 936
719 39
11 981
850 40
31 200
21 726
38 62
55 11
4 243
394 33
22 245
14 343
4 901
197 23
6 319
26 940
37 761
569 31
29 800
28 882
493 16
869 7
38 873
5 65
274 23
488 42
493 9
31 474
432 13
42 410
547 33
41 79
53 8
516 31
12 750
1 77
1 788
26 589
966 36
2 57
915 29
36 567
57 16
522 18
7 356
623 14
536 33
33 185
866 38
851 23
31 203
21 31
1 462
20 55
35 665
29 580
926 38
888 17
445 7
415 10
36 1
8 279
322 10
28 293
20 255
388 3
311 38
477 32
4 555
314 6
24 688
28 793
25 413
26 678
17 77
10 404
18 204
23 333
10 566
404 12
7 755
23 115
648 25
35 350
638 1
41 593
6 915
30 758
486 36
651 13
1 285
189 38
33 614
150 36
67 21
876 20
236 36
29 162
923 6
813 5
212 11
800 13
332 24
33 638
4 19
17 679
702 37
601 6
73 41
939 4
680 38
786 15
16 734
36 734
915 1
30 744
431 21
680 28
106 14
7 390
293 29
851 41
200 9
337 27
40 495
918 4
758 11
923 19
741 21
7 60
354 20
207 12
250 16
213 34
6 536
29 116
56 23
95 19
581 16
30 292
18 238
18 197
37 935
36 561
37 11
24 881
3 282
371 16
442 2
37 616
23 238
531 29
83 33
25 991
35 19
25 934
18 216
25 300
123 5
11 211
30 331
2 825
936 20
21 68
730 36
259 26
18 300
13 725
819 12
36 841
33 204
25 515
719 40
624 10
577 4
915 9
23 271
202 30
64 42
7 496
37 466
15 255
33 807
23 574
235 21
11 15
311 30
913 2
771 26
10 595
210 14
8 785
508 30
35 333
5 990
164 8
545 26
9 973
441 11
919 13
761 33
372 29
61 7
29 90
662 10
33 402
534 11
808 28
1 237
4 794
15 920
552 26
27 480
11 620
35 636
228 30
38 12
39 969
681 11
19 668
21 618
20 433
431 42
11 934
35 387
33 240
786 27
41 735
835 5
22 451
14 367
41 83
18 136
37 589
713 41
894 40
571 22
25 331
36 762
467 41
22 917
25 970
962 2
16 544
25 392
16 8
9 309
145 32
769 24
23 89
171 30
602 15
23 601
2 826
400 42
119 5
895 15
7 229
844 21
26 568
17 165
32 233
37 3
6 993
391 29
11 835
354 39
276 26
22 932
786 29
982 4
370 26
965 38
38 144
9 728
979 12
811 20
379 3
12 444
40 88
309 37
37 503
35 596
22 752
33 676
342 9
640 41
32 1
251 31
7 330
744 21
561 42
926 39
202 25
959 29
895 21
2 693
28 100
40 428
40 728
964 23
780 20
4 449
30 540
288 1
193 24
436 11
513 15
217 26
13 841
680 6
7 886
28 318
666 27
769 32
36 936
31 881
177 23
15 865
40 347
12 26
36 328
30 217
872 8
248 34
126 5
146 9
10 309
888 3
28 634
866 13
28 20
739 17
452 33
488 27
1 720
142 35
548 6
38 377
279 30
102 34
464 30
624 30
2 620
437 21
20 395
860 38
17 188
955 21
661 1
646 16
20 790
906 19
6 215
18 766
296 19
24 275
233 36
621 17
959 10
19 14
38 156
435 25
839 33
18 945
602 33
889 13
1 874
401 8
360 3
3 448
26 882
16 31
18 84
951 26
242 34
206 41
318 38
40 159
16 81
327 30
866 5
71 1
203 39
31 566
103 41
399 14
4 404
871 15
27 312
664 36
4 574
15 544
34 114
393 24
29 920
22 384
820 4
23 581
192 35
755 6
813 28
407 4
113 25
10 546
598 2
15 476
815 10
28 528
13 452
35 410
6 301
19 705
389 28
656 2
166 6
24 737
2 924
97 13
526 30
60 37
35 100
813 37
615 42
437 35
32 773
89 15
371 6
366 2
35 220
512 20
944 3
296 30
6 590
21 724
99 8
35 843
27 416
440 6
42 62
695 9
734 3
34 196
10 574
19 334
36 62
376 2
32 930
131 22
6 715
926 22
40 621
688 8
3 49
782 26
35 141
14 937
546 3
40 14
10 755
193 42
13 201
2 434
470 12
37 340
402 29
732 4
9 116
2 489
806 23
121 43
7 866
187 14
517 19
16 73
261 15
38 95
12 688
14 859
42 287
4 240
574 35
20 841
45 29
5 398
95 23
42 335
58 2
27 544
41 194
6 735
187 11
34 327
923 18
43 344
121 20
30 638
12 527
336 1
885 24
188 18
167 27
811 32
30 154
29 119
23 1000
16 105
13 221
52 21
938 3
2 129
31 545
575 39
990 23
244 39
184 38
594 37
116 31
619 29
38 826
17 407
269 21
34 216
25 618
799 19
19 507
177 38
14 468
547 14
526 40
28 444
15 527
747 39
714 3
40 924
205 1
97 42
640 19
921 37
4 270
234 23
158 29
110 3
219 22
25 106
33 650
36 441
886 31
551 8
23 633
7 66
217 8
16 894
29 699
79 19
35 723
22 805
42 631
914 39
11 800
38 293
273 21
483 28
34 840
4 302
24 98
41 536
829 14
264 1
4 636
528 10
38 336
49 36
617 38
98 4
776 23
896 31
157 34
25 309
717 23
652 18
15 295
29 863
18 230
465 16
19 641
27 201
29 267
2 553
92 6
870 9
381 13
21 796
683 30
173 42
565 12
1 309
3 174
40 770
19 957
150 26
16 677
692 5
431 41
29 912
43 63
265 25
179 30
449 2
217 35
214 32
34 502
17 271
202 38
12 501
798 31
730 7
846 26
789 5
544 1
28 327
14 771
28 171
5 616
50 17
112 11
46 38
16 560
566 13
426 3
459 35
37 216
929 22
2 454
128 20
35 175
42 86
30 351
34 54
48 20
11 77
639 41
725 7
3 928
20 361
439 11
246 34
40 114
27 481
363 39
321 1
923 40
632 18
538 20
35 689
240 3
817 33
539 31
661 36
849 33
3 674
325 18
11 767
28 456
28 878
35 259
19 561
1 169
4 130
216 1
77 31
43 533
106 3
12 960
2 492
10 24
23 615
2 743
33 617
276 20
508 26
93 41
114 29
26 555
2 123
35 493
6 672
254 6
268 39
25 683
550 29
518 14
43 127
384 15
35 594
273 28
38 978
478 9
394 25
615 17
41 262
21 38
234 8
683 8
11 880
32 208
553 35
618 6
272 2
72 10
27 75
20 258
357 43
676 12
582 29
16 329
602 30
1 816
37 475
549 42
877 2
10 745
20 298
404 3
12 230
23 434
30 806
12 259
6 330
34 441
27 764
948 37
434 43
48 41
115 35
20 984
35 29
494 5
982 6
41 99
404 41
5 903
885 21
376 30
334 34
16 321
960 41
32 808
4 552
14 11
39 457
40 291
332 25
654 42
24 510
7 792
27 550
1 733
799 42
542 28
15 777
507 39
947 28
22 259
430 11
426 31
840 39
42 995
409 3
9 408
4 483
38 275
33 88
599 23
15 309
505 25
473 38
889 23
32 934
647 17
298 22
40 879
2 715
65 40
34 915
337 1
26 493
41 813
13 808
14 440
776 22
22 685
999 22
745 38
42 835
900 24
9 217
21 473
38 30
24 485
538 16
84 29
947 39
14 713
351 20
386 27
38 895
463 9
259 13
3 229
21 223
6 921
741 30
453 43
955 37
25 920
4 28
20 438
22 786
542 40
5 693
795 12
877 38
723 12
28 626
40 695
218 11
19 748
39 737
425 16
966 1
477 26
20 104
468 1
7 395
39 390
28 364
79 42
292 27
14 581
3 642
5 25
574 40
753 42
711 42
69 34
260 28
813 9
38 503
14 49
225 22
353 31
102 17
9 176
700 21
1 754
34 609
617 7
14 836
205 31
40 883
38 478
30 948
688 10
947 10
797 34
675 30
12 600
16 978
982 24
702 36
490 14
12 87
32 581
844 5
889 1
882 9
820 40
21 897
33 54
26 350
592 22
2 179
961 4
307 41
107 34
612 22
21 350
43 100
27 287
18 574
690 2
18 66
40 213
7 187
10 635
31 196
13 733
702 27
16 477
13 262
824 35
824 25
492 11
42 212
40 564
17 740
216 26
417 34
618 27
13 910
707 33
219 32
38 450
832 39
3 668
606 8
652 3
39 578
43 644
713 17
265 9
993 41
314 16
41 806
514 36
628 30
43 818
36 398
38 750
16 400
487 8
884 23
21 1000
32 324
36 851
258 13
843 24
15 242
701 4
24 698
449 16
33 859
22 540
260 34
103 6
6 178
447 32
896 1
28 138
607 17
29 222
5 805
34 361
31 644
333 29
123 34
493 14
15 877
28 773
235 27
30 235
736 26
40 825
35 61
37 192
395 39
18 412
116 18
196 19
299 37
7 564
43 530
640 4
954 12
39 519
856 11
152 41
788 2
14 978
789 40
15 669
938 22
5 460
592 15
2 847
587 30
748 5
766 23
783 24
43 104
38 517
6 341
158 36
491 13
297 41
11 476
855 19
540 21
1 405
21 418
427 10
740 2
418 24
244 4
7 214
870 5
547 21
34 581
37 77
672 12
14 122
570 37
153 24
25 58
921 32
45 12
688 31
8 764
396 4
243 22
208 3
907 9
277 3
21 164
231 12
729 31
224 32
507 30
246 15
929 30
464 15
32 924
25 173
389 19
7 569
13 964
13 24
721 12
858 21
39 929
12 204
31 192
11 329
13 257
41 113
504 27
23 570
320 5
21 13
304 36
55 3
21 19
35 634
695 19
12 932
32 948
42 285
16 540
143 41
824 15
601 41
163 22
31 536
19 93
320 41
236 31
190 4
31 390
904 28
605 24
35 176
12 542
288 27
510 21
39 50
14 302
165 29
24 168
6 872
6 910
346 11
640 18
30 446
27 259
193 5
364 37
10 452
695 3
607 31
3 705
17 534
3 85
4 733
28 619
4 847
743 36
376 34
385 38
24 325
37 78
35 444
636 22
67 40
57 25
722 5
816 3
4 414
21 783
10 666
798 42
40 583
938 29
305 42
808 6
45 34
419 39
243 34
900 16
11 599
29 675
838 9
41 176
1000 2
65 7
900 1
29 706
8 114
731 10
16 794
464 9
725 40
128 35
30 694
22 430
1 592
19 928
42 614
257 10
41 429
69 40
27 864
16 50
36 340
626 43
31 483
19 608
712 11
466 27
55 41
743 35
16 996
31 799
505 5
74 14
590 3
48 22
990 17
264 39
10 627
941 43
42 836
13 827
34 77
850 8
31 433
994 29
602 43
29 194
26 11
394 41
63 28
232 9
7 559
39 51
662 20
407 22
32 29
436 43
453 13
600 30
8 174
354 28
11 908
20 481
497 41
38 716
890 31
481 21
11 13
17 659
586 10
23 162
291 32
43 938
33 925
9 828
637 27
41 327
14 402
465 41
40 625
906 22
105 23
563 24
27 374
743 23
998 6
24 695
398 39
36 465
74 7
23 256
22 134
8 639
909 10
809 7
5 888
24 173
18 764
2 315
344 1
3 402
35 457
270 7
28 547
20 197
374 34
164 24
582 27
43 376
6 460
440 4
39 473
413 23
5 733
28 602
964 5
86 4
153 37
25 855
277 18
586 7
11 602
547 3
791 11
828 24
13 245
168 7
1 11
24 330
35 166
29 304
983 26
25 815
27 8
658 16
221 30
1 993
770 35
343 17
18 13
473 14
12 280
41 184
789 41
37 221
731 5
395 31
12 536
4 340
358 4
520 1
127 5
26 987
8 886
37 345
365 12
818 26
2 876
33 457
38 480
17 81
219 25
13 387
463 11
15 908
348 14
27 584
30 629
21 181
41 1
22 509
28 211
299 8
305 8
13 558
112 36
25 752
623 15
22 124
778 1
265 39
8 964
321 17
930 35
377 42
58 32
591 36
806 32
783 42
37 360
646 13
719 36
37 47
29 765
22 393
103 29
771 27
974 35
17 864
18 967
32 523
33 634
7 885
2 114
694 27
43 523
918 3
3 139
72 8
53 35
789 13
889 34
25 285
2 738
268 7
652 8
309 16
32 70
429 25
10 806
5 325
426 25
10 168
906 41
41 777
994 6
14 241
38 953
17 210
714 38
10 786
24 861
2 653
66 21
9 661
160 15
20 335
21 977
592 8
11 171
15 324
25 361
374 42
138 13
1 861
781 10
893 39
39 908
8 841
11 403
718 7
401 36
484 10
830 38
518 41
10 165
3 949
11 241
15 140
588 18
955 18
454 18
31 555
29 298
43 718
601 36
42 555
620 32
86 13
761 4
25 205
34 693
252 2
837 43
36 519
576 34
786 42
630 42
7 824
19 882
6 578
242 24
10 436
38 568
14 586
43 810
40 148
282 23
599 38
835 14
343 30
7 505
13 771
43 203
150 17
8 697
17 158
843 25
947 13
421 37
208 23
40 980
7 945
42 591
25 180
24 590
425 33
303 36
37 290
877 5
599 26
11 661
631 7
41 953
39 895
9 895
507 7
39 601
76 27
471 27
523 8
200 41
318 43
19 286
17 229
934 35
39 788
929 24
334 13
508 31
217 29
785 30
13 503
604 31
1 697
3 238
403 19
36 493
601 7
513 18
37 869
400 11
35 859
30 559
827 22
43 929
488 37
5 156
14 152
645 4
25 387
790 8
146 11
114 33
20 213
40 589
953 34
381 32
39 836
682 1
5 940
251 13
41 158
210 32
26 362
37 928
919 7
9 795
699 21
25 185
626 1
43 474
741 1
24 102
20 382
71 42
926 30
17 484
11 402
8 54
5 87
126 39
15 313
38 469
22 782
777 26
905 34
32 822
81 18
133 12
3 145
36 956
24 417
557 27
318 27
34 503
60 5
500 18
877 29
20 621
198 37
468 32
36 794
395 16
167 9
420 37
11 817
860 9
963 22
534 41
616 39
20 688
30 314
4 489
858 22
4 780
308 32
23 83
402 9
17 997
841 41
27 988
992 5
58 1
21 759
3 588
381 31
3 730
69 17
5 321
27 131
33 732
203 38
16 823
23 777
796 33
41 271
28 853
42 269
159 24
925 2
989 28
885 43
18 388
451 40
14 203
931 30
254 15
556 40
999 28
23 466
38 130
406 39
745 27
37 443
718 28
955 7
11 578
724 32
14 80
30 775
15 88
5 564
836 41
175 10
33 885
952 31
35 235
785 25
959 5
13 317
79 39
920 31
892 29
897 17
313 39
22 113
900 32
436 23
39 215
17 812
777 13
196 1
406 18
20 673
33 485
41 998
538 26
790 5
39 489
232 34
23 448
629 4
442 4
17 110
628 36
445 40
249 11
19 360
127 22
799 12
5 265
3 571
896 3
4 508
13 625
18 118
925 5
927 39
942 8
30 981
422 41
585 34
744 42
24 761
902 36
405 32
6 510
28 13
396 31
663 5
651 37
17 526
787 7
763 21
4 23
25 589
1 230
659 5
833 18
13 192
14 615
341 43
308 3
764 5
42 254
7 212
1 57
308 39
37 588
16 23
10 537
40 82
28 506
158 40
11 545
185 21
10 34
21 265
166 28
31 416
836 30
10 707
303 7
33 578
189 6
21 135
269 29
40 852
7 327
831 17
533 42
19 460
5 752
17 96
987 5
13 449
7 34
632 4
849 19
582 9
2 923
448 40
259 44
39 583
386 44
932 41
381 42
788 30
806 7
332 14
29 152
8 2
383 8
36 986
539 2
570 21
31 136
330 21
281 35
375 30
833 31
23 190
33 431
99 23
847 6
42 426
689 3
21 710
12 540
18 819
15 146
49 15
547 13
822 15
15 672
961 18
217 44
511 15
44 187
27 889
28 229
28 550
538 14
10 421
33 523
22 549
195 39
575 35
385 23
400 31
114 6
904 5
226 2
25 271
34 921
33 118
756 2
43 512
16 470
879 26
36 803
39 481
794 28
325 31
446 19
677 12
165 33
14 25
725 20
801 36
22 653
10 829
42 61
26 52
19 165
896 8
35 952
704 8
474 5
367 17
179 32
5 229
1 106
104 27
21 945
51 40
467 10
36 955
132 41
23 379
637 3
708 26
300 7
24 323
19 733
579 12
33 906
64 3
13 718
17 565
5 522
983 15
526 31
907 1
384 40
196 4
17 280
581 40
31 609
4 262
21 138
23 592
